0.05 NaN SA 2 1e-8 1e-8 1 0.5 0.5 320000
0.05 NaN SA 2 1e-8 1e-8 1 0.5 0.5 32000
0.05 NaN SA 2 1e-8 1e-8 1 0.5 0.5 160000
0.05 NaN SA 2 1e-8 1e-8 1 0.5 0.5 16000
0.05 NaN SA 2 1e-8 1e-8 1 0.2 0.5 320000
0.05 NaN SA 2 1e-8 1e-8 1 0.2 0.5 32000
0.05 NaN SA 2 1e-8 1e-8 1 0.2 0.5 160000
0.05 NaN SA 2 1e-8 1e-8 1 0.2 0.5 16000
0.05 NaN SA 2 1e-8 1e-8 1 0.2 0.25 320000
0.05 NaN SA 2 1e-8 1e-8 1 0.2 0.25 32000
0.05 NaN SA 2 1e-8 1e-8 1 0.2 0.25 160000
0.05 NaN SA 2 1e-8 1e-8 1 0.2 0.25 16000
0.05 NaN SA 2 1e-8 1e-8 1 0.1 0.5 320000
0.05 NaN SA 2 1e-8 1e-8 1 0.1 0.5 32000
0.05 NaN SA 2 1e-8 1e-8 1 0.1 0.5 160000
0.05 NaN SA 2 1e-8 1e-8 1 0.1 0.5 16000
0.05 NaN SA 2 1e-8 1e-8 1 0.1 0.25 320000
0.05 NaN SA 2 1e-8 1e-8 1 0.1 0.25 32000
0.05 NaN SA 2 1e-8 1e-8 1 0.1 0.25 160000
0.05 NaN SA 2 1e-8 1e-8 1 0.1 0.25 16000
0.05 NaN SA 2 1e-8 1e-8 0.9 0.5 0.5 320000
0.05 NaN SA 2 1e-8 1e-8 0.9 0.5 0.5 32000
0.05 NaN SA 2 1e-8 1e-8 0.9 0.5 0.5 160000
0.05 NaN SA 2 1e-8 1e-8 0.9 0.2 0.5 320000
0.05 NaN SA 2 1e-8 1e-8 0.9 0.2 0.5 32000
0.05 NaN SA 2 1e-8 1e-8 0.9 0.2 0.5 160000
0.05 NaN SA 2 1e-8 1e-8 0.9 0.2 0.5 16000
0.05 NaN SA 2 1e-8 1e-8 0.9 0.2 0.25 320000
0.05 NaN SA 2 1e-8 1e-8 0.9 0.2 0.25 32000
0.05 NaN SA 2 1e-8 1e-8 0.9 0.2 0.25 160000
0.05 NaN SA 2 1e-8 1e-8 0.9 0.2 0.25 16000
0.05 NaN SA 2 1e-8 1e-8 0.9 0.1 0.5 320000
0.05 NaN SA 2 1e-8 1e-8 0.9 0.1 0.5 32000
0.05 NaN SA 2 1e-8 1e-8 0.9 0.1 0.5 160000
0.05 NaN SA 2 1e-8 1e-8 0.9 0.1 0.5 16000
0.05 NaN SA 2 1e-8 1e-8 0.9 0.1 0.25 320000
0.05 NaN SA 2 1e-8 1e-8 0.9 0.1 0.25 32000
0.05 NaN SA 2 1e-8 1e-8 0.9 0.1 0.25 160000
0.05 NaN SA 2 1e-8 1e-8 0.9 0.1 0.25 16000
0.05 NaN SA 2 1e-8 1e-8 0.5 1 0.5 320000
0.05 NaN SA 2 1e-8 1e-8 0.5 1 0.5 32000
0.05 NaN SA 2 1e-8 1e-8 0.5 1 0.5 160000
0.05 NaN SA 2 1e-8 1e-8 0.5 1 0.5 16000
0.05 NaN SA 2 1e-8 1e-8 0.5 0.9 0.5 320000
0.05 NaN SA 2 1e-8 1e-8 0.5 0.9 0.5 32000
0.05 NaN SA 2 1e-8 1e-8 0.5 0.9 0.5 160000
0.05 NaN SA 2 1e-8 1e-8 0.5 0.2 0.5 320000
0.05 NaN SA 2 1e-8 1e-8 0.5 0.2 0.5 32000
0.05 NaN SA 2 1e-8 1e-8 0.5 0.2 0.5 160000
0.05 NaN SA 2 1e-8 1e-8 0.5 0.2 0.5 16000
0.05 NaN SA 2 1e-8 1e-8 0.5 0.1 0.5 320000
0.05 NaN SA 2 1e-8 1e-8 0.5 0.1 0.5 32000
0.05 NaN SA 2 1e-8 1e-8 0.5 0.1 0.5 160000
0.05 NaN SA 2 1e-8 1e-8 0.5 0.1 0.5 16000
0.05 NaN SA 2 1e-8 1e-8 0.5 0.1 0.25 320000
0.05 NaN SA 2 1e-8 1e-8 0.5 0.1 0.25 32000
0.05 NaN SA 2 1e-8 1e-8 0.5 0.1 0.25 160000
0.05 NaN SA 2 1e-8 1e-8 0.5 0.1 0.25 16000
0.05 NaN SA 2 1e-8 1e-8 0.2 1 0.5 320000
0.05 NaN SA 2 1e-8 1e-8 0.2 1 0.5 32000
0.05 NaN SA 2 1e-8 1e-8 0.2 1 0.5 160000
0.05 NaN SA 2 1e-8 1e-8 0.2 1 0.5 16000
0.05 NaN SA 2 1e-8 1e-8 0.2 1 0.25 320000
0.05 NaN SA 2 1e-8 1e-8 0.2 1 0.25 32000
0.05 NaN SA 2 1e-8 1e-8 0.2 1 0.25 160000
0.05 NaN SA 2 1e-8 1e-8 0.2 1 0.25 16000
0.05 NaN SA 2 1e-8 1e-8 0.2 0.9 0.5 320000
0.05 NaN SA 2 1e-8 1e-8 0.2 0.9 0.5 32000
0.05 NaN SA 2 1e-8 1e-8 0.2 0.9 0.5 160000
0.05 NaN SA 2 1e-8 1e-8 0.2 0.9 0.5 16000
0.05 NaN SA 2 1e-8 1e-8 0.2 0.9 0.25 320000
0.05 NaN SA 2 1e-8 1e-8 0.2 0.9 0.25 32000
0.05 NaN SA 2 1e-8 1e-8 0.2 0.9 0.25 160000
0.05 NaN SA 2 1e-8 1e-8 0.2 0.9 0.25 16000
0.05 NaN SA 2 1e-8 1e-8 0.2 0.5 0.5 320000
0.05 NaN SA 2 1e-8 1e-8 0.2 0.5 0.5 32000
0.05 NaN SA 2 1e-8 1e-8 0.2 0.5 0.5 160000
0.05 NaN SA 2 1e-8 1e-8 0.2 0.5 0.5 16000
0.05 NaN SA 2 1e-8 1e-8 0.2 0.1 0.5 320000
0.05 NaN SA 2 1e-8 1e-8 0.2 0.1 0.5 32000
0.05 NaN SA 2 1e-8 1e-8 0.2 0.1 0.5 160000
0.05 NaN SA 2 1e-8 1e-8 0.2 0.1 0.5 16000
0.05 NaN SA 2 1e-8 1e-8 0.1 1 0.5 320000
0.05 NaN SA 2 1e-8 1e-8 0.1 1 0.5 32000
0.05 NaN SA 2 1e-8 1e-8 0.1 1 0.5 160000
0.05 NaN SA 2 1e-8 1e-8 0.1 1 0.5 16000
0.05 NaN SA 2 1e-8 1e-8 0.1 1 0.25 320000
0.05 NaN SA 2 1e-8 1e-8 0.1 1 0.25 32000
0.05 NaN SA 2 1e-8 1e-8 0.1 1 0.25 160000
0.05 NaN SA 2 1e-8 1e-8 0.1 1 0.25 16000
0.05 NaN SA 2 1e-8 1e-8 0.1 0.9 0.5 320000
0.05 NaN SA 2 1e-8 1e-8 0.1 0.9 0.5 32000
0.05 NaN SA 2 1e-8 1e-8 0.1 0.9 0.5 160000
0.05 NaN SA 2 1e-8 1e-8 0.1 0.9 0.5 16000
0.05 NaN SA 2 1e-8 1e-8 0.1 0.9 0.25 320000
0.05 NaN SA 2 1e-8 1e-8 0.1 0.9 0.25 32000
0.05 NaN SA 2 1e-8 1e-8 0.1 0.9 0.25 160000
0.05 NaN SA 2 1e-8 1e-8 0.1 0.9 0.25 16000
0.05 NaN SA 2 1e-8 1e-8 0.1 0.5 0.5 320000
0.05 NaN SA 2 1e-8 1e-8 0.1 0.5 0.5 32000
0.05 NaN SA 2 1e-8 1e-8 0.1 0.5 0.5 160000
0.05 NaN SA 2 1e-8 1e-8 0.1 0.5 0.5 16000
0.05 NaN SA 2 1e-8 1e-8 0.1 0.5 0.25 320000
0.05 NaN SA 2 1e-8 1e-8 0.1 0.5 0.25 32000
0.05 NaN SA 2 1e-8 1e-8 0.1 0.5 0.25 160000
0.05 NaN SA 2 1e-8 1e-8 0.1 0.5 0.25 16000
0.05 NaN SA 2 1e-8 1e-8 0.1 0.2 0.5 320000
0.05 NaN SA 2 1e-8 1e-8 0.1 0.2 0.5 32000
0.05 NaN SA 2 1e-8 1e-8 0.1 0.2 0.5 160000
0.05 NaN SA 2 1e-8 1e-8 0.1 0.2 0.5 16000
0.05 NaN SA 2 1e-8 1e-8 0.1 0.1 0.5 320000
0.05 NaN SA 2 1e-8 1e-8 0.1 0.09 0.5 320000
0.05 NaN SA 2 1e-8 1e-8 0.1 0.09 0.5 32000
0.05 NaN SA 2 1e-8 1e-8 0.1 0.09 0.5 160000
0.05 NaN SA 2 1e-8 1e-8 0.1 0.09 0.5 16000
0.05 NaN SA 2 1e-8 1e-8 0.1 0.05 0.5 320000
0.05 NaN SA 2 1e-8 1e-8 0.1 0.05 0.5 32000
0.05 NaN SA 2 1e-8 1e-8 0.1 0.05 0.5 160000
0.05 NaN SA 2 1e-8 1e-8 0.1 0.05 0.5 16000
0.05 NaN SA 2 1e-8 1e-8 0.1 0.05 0.25 320000
0.05 NaN SA 2 1e-8 1e-8 0.1 0.05 0.25 160000
0.05 NaN SA 2 1e-8 1e-8 0.1 0.02 0.5 320000
0.05 NaN SA 2 1e-8 1e-8 0.1 0.02 0.5 32000
0.05 NaN SA 2 1e-8 1e-8 0.1 0.02 0.5 160000
0.05 NaN SA 2 1e-8 1e-8 0.1 0.02 0.5 16000
0.05 NaN SA 2 1e-8 1e-8 0.1 0.02 0.25 320000
0.05 NaN SA 2 1e-8 1e-8 0.1 0.02 0.25 32000
0.05 NaN SA 2 1e-8 1e-8 0.1 0.02 0.25 160000
0.05 NaN SA 2 1e-8 1e-8 0.1 0.02 0.25 16000
0.05 NaN SA 2 1e-8 1e-8 0.1 0.01 0.5 320000
0.05 NaN SA 2 1e-8 1e-8 0.1 0.01 0.5 32000
0.05 NaN SA 2 1e-8 1e-8 0.1 0.01 0.5 160000
0.05 NaN SA 2 1e-8 1e-8 0.1 0.01 0.5 16000
0.05 NaN SA 2 1e-8 1e-8 0.1 0.01 0.25 320000
0.05 NaN SA 2 1e-8 1e-8 0.1 0.01 0.25 32000
0.05 NaN SA 2 1e-8 1e-8 0.1 0.01 0.25 160000
0.05 NaN SA 2 1e-8 1e-8 0.1 0.01 0.25 16000
0.05 NaN SA 2 1e-8 1e-8 0.09 0.1 0.5 320000
0.05 NaN SA 2 1e-8 1e-8 0.09 0.1 0.5 32000
0.05 NaN SA 2 1e-8 1e-8 0.09 0.1 0.5 160000
0.05 NaN SA 2 1e-8 1e-8 0.09 0.1 0.5 16000
0.05 NaN SA 2 1e-8 1e-8 0.09 0.09 0.5 320000
0.05 NaN SA 2 1e-8 1e-8 0.09 0.05 0.5 320000
0.05 NaN SA 2 1e-8 1e-8 0.09 0.05 0.5 32000
0.05 NaN SA 2 1e-8 1e-8 0.09 0.05 0.5 160000
0.05 NaN SA 2 1e-8 1e-8 0.09 0.05 0.5 16000
0.05 NaN SA 2 1e-8 1e-8 0.09 0.02 0.5 320000
0.05 NaN SA 2 1e-8 1e-8 0.09 0.02 0.5 32000
0.05 NaN SA 2 1e-8 1e-8 0.09 0.02 0.5 160000
0.05 NaN SA 2 1e-8 1e-8 0.09 0.02 0.5 16000
0.05 NaN SA 2 1e-8 1e-8 0.09 0.02 0.25 320000
0.05 NaN SA 2 1e-8 1e-8 0.09 0.02 0.25 32000
0.05 NaN SA 2 1e-8 1e-8 0.09 0.02 0.25 160000
0.05 NaN SA 2 1e-8 1e-8 0.09 0.02 0.25 16000
0.05 NaN SA 2 1e-8 1e-8 0.09 0.01 0.5 320000
0.05 NaN SA 2 1e-8 1e-8 0.09 0.01 0.5 32000
0.05 NaN SA 2 1e-8 1e-8 0.09 0.01 0.5 160000
0.05 NaN SA 2 1e-8 1e-8 0.09 0.01 0.5 16000
0.05 NaN SA 2 1e-8 1e-8 0.09 0.01 0.25 320000
0.05 NaN SA 2 1e-8 1e-8 0.09 0.01 0.25 32000
0.05 NaN SA 2 1e-8 1e-8 0.09 0.01 0.25 160000
0.05 NaN SA 2 1e-8 1e-8 0.09 0.01 0.25 16000
0.05 NaN SA 2 1e-8 1e-8 0.05 0.1 0.5 320000
0.05 NaN SA 2 1e-8 1e-8 0.05 0.1 0.5 32000
0.05 NaN SA 2 1e-8 1e-8 0.05 0.1 0.5 160000
0.05 NaN SA 2 1e-8 1e-8 0.05 0.1 0.5 16000
0.05 NaN SA 2 1e-8 1e-8 0.05 0.1 0.25 320000
0.05 NaN SA 2 1e-8 1e-8 0.05 0.09 0.5 320000
0.05 NaN SA 2 1e-8 1e-8 0.05 0.09 0.5 32000
0.05 NaN SA 2 1e-8 1e-8 0.05 0.09 0.5 160000
0.05 NaN SA 2 1e-8 1e-8 0.05 0.09 0.5 16000
0.05 NaN SA 2 1e-8 1e-8 0.05 0.05 0.5 320000
0.05 NaN SA 2 1e-8 1e-8 0.05 0.05 0.5 32000
0.05 NaN SA 2 1e-8 1e-8 0.05 0.05 0.5 160000
0.05 NaN SA 2 1e-8 1e-8 0.05 0.02 0.5 320000
0.05 NaN SA 2 1e-8 1e-8 0.05 0.02 0.5 32000
0.05 NaN SA 2 1e-8 1e-8 0.05 0.02 0.5 160000
0.05 NaN SA 2 1e-8 1e-8 0.05 0.02 0.5 16000
0.05 NaN SA 2 1e-8 1e-8 0.05 0.02 0.25 320000
0.05 NaN SA 2 1e-8 1e-8 0.05 0.02 0.25 32000
0.05 NaN SA 2 1e-8 1e-8 0.05 0.02 0.25 160000
0.05 NaN SA 2 1e-8 1e-8 0.05 0.02 0.25 16000
0.05 NaN SA 2 1e-8 1e-8 0.05 0.01 0.5 320000
0.05 NaN SA 2 1e-8 1e-8 0.05 0.01 0.5 32000
0.05 NaN SA 2 1e-8 1e-8 0.05 0.01 0.5 160000
0.05 NaN SA 2 1e-8 1e-8 0.05 0.01 0.5 16000
0.05 NaN SA 2 1e-8 1e-8 0.05 0.01 0.25 320000
0.05 NaN SA 2 1e-8 1e-8 0.05 0.01 0.25 32000
0.05 NaN SA 2 1e-8 1e-8 0.05 0.01 0.25 160000
0.05 NaN SA 2 1e-8 1e-8 0.05 0.01 0.25 16000
0.05 NaN SA 2 1e-8 1e-8 0.02 0.1 0.5 320000
0.05 NaN SA 2 1e-8 1e-8 0.02 0.1 0.5 32000
0.05 NaN SA 2 1e-8 1e-8 0.02 0.1 0.5 160000
0.05 NaN SA 2 1e-8 1e-8 0.02 0.1 0.5 16000
0.05 NaN SA 2 1e-8 1e-8 0.02 0.1 0.25 320000
0.05 NaN SA 2 1e-8 1e-8 0.02 0.1 0.25 32000
0.05 NaN SA 2 1e-8 1e-8 0.02 0.1 0.25 160000
0.05 NaN SA 2 1e-8 1e-8 0.02 0.1 0.25 16000
0.05 NaN SA 2 1e-8 1e-8 0.02 0.09 0.5 320000
0.05 NaN SA 2 1e-8 1e-8 0.02 0.09 0.5 32000
0.05 NaN SA 2 1e-8 1e-8 0.02 0.09 0.5 160000
0.05 NaN SA 2 1e-8 1e-8 0.02 0.09 0.5 16000
0.05 NaN SA 2 1e-8 1e-8 0.02 0.09 0.25 320000
0.05 NaN SA 2 1e-8 1e-8 0.02 0.09 0.25 32000
0.05 NaN SA 2 1e-8 1e-8 0.02 0.09 0.25 160000
0.05 NaN SA 2 1e-8 1e-8 0.02 0.09 0.25 16000
0.05 NaN SA 2 1e-8 1e-8 0.02 0.05 0.5 320000
0.05 NaN SA 2 1e-8 1e-8 0.02 0.05 0.5 32000
0.05 NaN SA 2 1e-8 1e-8 0.02 0.05 0.5 160000
0.05 NaN SA 2 1e-8 1e-8 0.02 0.05 0.5 16000
0.05 NaN SA 2 1e-8 1e-8 0.02 0.05 0.25 320000
0.05 NaN SA 2 1e-8 1e-8 0.02 0.05 0.25 32000
0.05 NaN SA 2 1e-8 1e-8 0.02 0.05 0.25 160000
0.05 NaN SA 2 1e-8 1e-8 0.02 0.05 0.25 16000
0.05 NaN SA 2 1e-8 1e-8 0.02 0.02 0.5 320000
0.05 NaN SA 2 1e-8 1e-8 0.02 0.02 0.5 32000
0.05 NaN SA 2 1e-8 1e-8 0.02 0.02 0.5 160000
0.05 NaN SA 2 1e-8 1e-8 0.02 0.02 0.5 16000
0.05 NaN SA 2 1e-8 1e-8 0.02 0.01 0.5 320000
0.05 NaN SA 2 1e-8 1e-8 0.02 0.01 0.5 32000
0.05 NaN SA 2 1e-8 1e-8 0.02 0.01 0.5 160000
0.05 NaN SA 2 1e-8 1e-8 0.02 0.01 0.5 16000
0.05 NaN SA 2 1e-8 1e-8 0.02 0.01 0.25 320000
0.05 NaN SA 2 1e-8 1e-8 0.02 0.01 0.25 32000
0.05 NaN SA 2 1e-8 1e-8 0.02 0.01 0.25 160000
0.05 NaN SA 2 1e-8 1e-8 0.01 0.1 0.5 320000
0.05 NaN SA 2 1e-8 1e-8 0.01 0.1 0.5 32000
0.05 NaN SA 2 1e-8 1e-8 0.01 0.1 0.5 160000
0.05 NaN SA 2 1e-8 1e-8 0.01 0.1 0.5 16000
0.05 NaN SA 2 1e-8 1e-8 0.01 0.1 0.25 320000
0.05 NaN SA 2 1e-8 1e-8 0.01 0.1 0.25 32000
0.05 NaN SA 2 1e-8 1e-8 0.01 0.1 0.25 160000
0.05 NaN SA 2 1e-8 1e-8 0.01 0.1 0.25 16000
0.05 NaN SA 2 1e-8 1e-8 0.01 0.09 0.5 320000
0.05 NaN SA 2 1e-8 1e-8 0.01 0.09 0.5 32000
0.05 NaN SA 2 1e-8 1e-8 0.01 0.09 0.5 160000
0.05 NaN SA 2 1e-8 1e-8 0.01 0.09 0.5 16000
0.05 NaN SA 2 1e-8 1e-8 0.01 0.09 0.25 320000
0.05 NaN SA 2 1e-8 1e-8 0.01 0.09 0.25 32000
0.05 NaN SA 2 1e-8 1e-8 0.01 0.09 0.25 160000
0.05 NaN SA 2 1e-8 1e-8 0.01 0.09 0.25 16000
0.05 NaN SA 2 1e-8 1e-8 0.01 0.05 0.5 320000
0.05 NaN SA 2 1e-8 1e-8 0.01 0.05 0.5 32000
0.05 NaN SA 2 1e-8 1e-8 0.01 0.05 0.5 160000
0.05 NaN SA 2 1e-8 1e-8 0.01 0.05 0.5 16000
0.05 NaN SA 2 1e-8 1e-8 0.01 0.05 0.25 320000
0.05 NaN SA 2 1e-8 1e-8 0.01 0.05 0.25 32000
0.05 NaN SA 2 1e-8 1e-8 0.01 0.05 0.25 160000
0.05 NaN SA 2 1e-8 1e-8 0.01 0.05 0.25 16000
0.05 NaN SA 2 1e-8 1e-8 0.01 0.02 0.5 320000
0.05 NaN SA 2 1e-8 1e-8 0.01 0.02 0.5 32000
0.05 NaN SA 2 1e-8 1e-8 0.01 0.02 0.5 160000
0.05 NaN SA 2 1e-8 1e-8 0.01 0.02 0.5 16000
0.05 NaN SA 2 1e-8 1e-8 0.01 0.02 0.25 320000
0.05 NaN SA 2 1e-8 1e-8 0.01 0.02 0.25 32000
0.05 NaN SA 2 1e-8 1e-8 0.01 0.02 0.25 160000
0.05 NaN SA 2 1e-8 1e-8 0.01 0.01 0.5 320000
0.05 NaN SA 2 1e-8 1e-8 0.01 0.01 0.5 32000
0.05 NaN SA 2 1e-8 1e-8 0.01 0.01 0.5 160000
0.05 NaN SA 2 1e-8 1e-8 0.01 0.01 0.5 16000
0.05 NaN OD 2 1e-8 1e-8 0.1 0.01 0.5 320000
0.05 NaN OD 2 1e-8 1e-8 0.1 0.01 0.5 32000
0.05 NaN OD 2 1e-8 1e-8 0.1 0.01 0.5 160000
0.05 NaN OD 2 1e-8 1e-8 0.09 0.01 0.5 320000
0.05 NaN OD 2 1e-8 1e-8 0.09 0.01 0.5 32000
0.05 NaN OD 2 1e-8 1e-8 0.09 0.01 0.5 160000
0.05 NaN OD 2 1e-8 1e-8 0.01 0.1 0.5 320000
0.05 NaN OD 2 1e-8 1e-8 0.01 0.1 0.5 32000
0.05 NaN OD 2 1e-8 1e-8 0.01 0.1 0.5 160000
0.05 NaN OD 2 1e-8 1e-8 0.01 0.09 0.5 320000
0.05 NaN OD 2 1e-8 1e-8 0.01 0.09 0.5 160000
0.05 NaN OD 2 1e-8 1e-8 0.01 0.05 0.5 320000
0.05 NaN AP 2 1e-8 1e-8 1 0.5 0.5 320000
0.05 NaN AP 2 1e-8 1e-8 1 0.5 0.5 32000
0.05 NaN AP 2 1e-8 1e-8 1 0.5 0.5 160000
0.05 NaN AP 2 1e-8 1e-8 1 0.5 0.5 16000
0.05 NaN AP 2 1e-8 1e-8 1 0.2 0.5 320000
0.05 NaN AP 2 1e-8 1e-8 1 0.2 0.5 32000
0.05 NaN AP 2 1e-8 1e-8 1 0.2 0.5 160000
0.05 NaN AP 2 1e-8 1e-8 1 0.2 0.5 16000
0.05 NaN AP 2 1e-8 1e-8 1 0.2 0.25 320000
0.05 NaN AP 2 1e-8 1e-8 1 0.2 0.25 32000
0.05 NaN AP 2 1e-8 1e-8 1 0.2 0.25 160000
0.05 NaN AP 2 1e-8 1e-8 1 0.2 0.25 16000
0.05 NaN AP 2 1e-8 1e-8 1 0.1 0.5 320000
0.05 NaN AP 2 1e-8 1e-8 1 0.1 0.5 32000
0.05 NaN AP 2 1e-8 1e-8 1 0.1 0.5 160000
0.05 NaN AP 2 1e-8 1e-8 1 0.1 0.5 16000
0.05 NaN AP 2 1e-8 1e-8 1 0.1 0.25 320000
0.05 NaN AP 2 1e-8 1e-8 1 0.1 0.25 32000
0.05 NaN AP 2 1e-8 1e-8 1 0.1 0.25 160000
0.05 NaN AP 2 1e-8 1e-8 1 0.1 0.25 16000
0.05 NaN AP 2 1e-8 1e-8 0.9 0.5 0.5 320000
0.05 NaN AP 2 1e-8 1e-8 0.9 0.5 0.5 32000
0.05 NaN AP 2 1e-8 1e-8 0.9 0.5 0.5 160000
0.05 NaN AP 2 1e-8 1e-8 0.9 0.5 0.5 16000
0.05 NaN AP 2 1e-8 1e-8 0.9 0.2 0.5 320000
0.05 NaN AP 2 1e-8 1e-8 0.9 0.2 0.5 32000
0.05 NaN AP 2 1e-8 1e-8 0.9 0.2 0.5 160000
0.05 NaN AP 2 1e-8 1e-8 0.9 0.2 0.5 16000
0.05 NaN AP 2 1e-8 1e-8 0.9 0.2 0.25 320000
0.05 NaN AP 2 1e-8 1e-8 0.9 0.2 0.25 32000
0.05 NaN AP 2 1e-8 1e-8 0.9 0.2 0.25 160000
0.05 NaN AP 2 1e-8 1e-8 0.9 0.2 0.25 16000
0.05 NaN AP 2 1e-8 1e-8 0.9 0.1 0.5 320000
0.05 NaN AP 2 1e-8 1e-8 0.9 0.1 0.5 32000
0.05 NaN AP 2 1e-8 1e-8 0.9 0.1 0.5 160000
0.05 NaN AP 2 1e-8 1e-8 0.9 0.1 0.5 16000
0.05 NaN AP 2 1e-8 1e-8 0.9 0.1 0.25 320000
0.05 NaN AP 2 1e-8 1e-8 0.9 0.1 0.25 32000
0.05 NaN AP 2 1e-8 1e-8 0.9 0.1 0.25 160000
0.05 NaN AP 2 1e-8 1e-8 0.9 0.1 0.25 16000
0.05 NaN AP 2 1e-8 1e-8 0.5 1 0.5 320000
0.05 NaN AP 2 1e-8 1e-8 0.5 1 0.5 32000
0.05 NaN AP 2 1e-8 1e-8 0.5 1 0.5 160000
0.05 NaN AP 2 1e-8 1e-8 0.5 1 0.5 16000
0.05 NaN AP 2 1e-8 1e-8 0.5 0.9 0.5 320000
0.05 NaN AP 2 1e-8 1e-8 0.5 0.9 0.5 32000
0.05 NaN AP 2 1e-8 1e-8 0.5 0.9 0.5 160000
0.05 NaN AP 2 1e-8 1e-8 0.5 0.9 0.5 16000
0.05 NaN AP 2 1e-8 1e-8 0.5 0.2 0.5 320000
0.05 NaN AP 2 1e-8 1e-8 0.5 0.2 0.5 32000
0.05 NaN AP 2 1e-8 1e-8 0.5 0.2 0.5 160000
0.05 NaN AP 2 1e-8 1e-8 0.5 0.2 0.5 16000
0.05 NaN AP 2 1e-8 1e-8 0.5 0.1 0.5 320000
0.05 NaN AP 2 1e-8 1e-8 0.5 0.1 0.5 32000
0.05 NaN AP 2 1e-8 1e-8 0.5 0.1 0.5 160000
0.05 NaN AP 2 1e-8 1e-8 0.5 0.1 0.5 16000
0.05 NaN AP 2 1e-8 1e-8 0.5 0.1 0.25 320000
0.05 NaN AP 2 1e-8 1e-8 0.5 0.1 0.25 32000
0.05 NaN AP 2 1e-8 1e-8 0.5 0.1 0.25 160000
0.05 NaN AP 2 1e-8 1e-8 0.5 0.1 0.25 16000
0.05 NaN AP 2 1e-8 1e-8 0.2 1 0.5 320000
0.05 NaN AP 2 1e-8 1e-8 0.2 1 0.5 32000
0.05 NaN AP 2 1e-8 1e-8 0.2 1 0.5 160000
0.05 NaN AP 2 1e-8 1e-8 0.2 1 0.5 16000
0.05 NaN AP 2 1e-8 1e-8 0.2 1 0.25 320000
0.05 NaN AP 2 1e-8 1e-8 0.2 1 0.25 32000
0.05 NaN AP 2 1e-8 1e-8 0.2 1 0.25 160000
0.05 NaN AP 2 1e-8 1e-8 0.2 1 0.25 16000
0.05 NaN AP 2 1e-8 1e-8 0.2 0.9 0.5 320000
0.05 NaN AP 2 1e-8 1e-8 0.2 0.9 0.5 32000
0.05 NaN AP 2 1e-8 1e-8 0.2 0.9 0.5 160000
0.05 NaN AP 2 1e-8 1e-8 0.2 0.9 0.5 16000
0.05 NaN AP 2 1e-8 1e-8 0.2 0.9 0.25 320000
0.05 NaN AP 2 1e-8 1e-8 0.2 0.9 0.25 32000
0.05 NaN AP 2 1e-8 1e-8 0.2 0.9 0.25 160000
0.05 NaN AP 2 1e-8 1e-8 0.2 0.9 0.25 16000
0.05 NaN AP 2 1e-8 1e-8 0.2 0.5 0.5 320000
0.05 NaN AP 2 1e-8 1e-8 0.2 0.5 0.5 32000
0.05 NaN AP 2 1e-8 1e-8 0.2 0.5 0.5 160000
0.05 NaN AP 2 1e-8 1e-8 0.2 0.5 0.5 16000
0.05 NaN AP 2 1e-8 1e-8 0.2 0.1 0.5 320000
0.05 NaN AP 2 1e-8 1e-8 0.2 0.1 0.5 32000
0.05 NaN AP 2 1e-8 1e-8 0.2 0.1 0.5 160000
0.05 NaN AP 2 1e-8 1e-8 0.2 0.1 0.5 16000
0.05 NaN AP 2 1e-8 1e-8 0.1 1 0.5 320000
0.05 NaN AP 2 1e-8 1e-8 0.1 1 0.5 32000
0.05 NaN AP 2 1e-8 1e-8 0.1 1 0.5 160000
0.05 NaN AP 2 1e-8 1e-8 0.1 1 0.5 16000
0.05 NaN AP 2 1e-8 1e-8 0.1 1 0.25 320000
0.05 NaN AP 2 1e-8 1e-8 0.1 1 0.25 32000
0.05 NaN AP 2 1e-8 1e-8 0.1 1 0.25 160000
0.05 NaN AP 2 1e-8 1e-8 0.1 1 0.25 16000
0.05 NaN AP 2 1e-8 1e-8 0.1 0.9 0.5 320000
0.05 NaN AP 2 1e-8 1e-8 0.1 0.9 0.5 32000
0.05 NaN AP 2 1e-8 1e-8 0.1 0.9 0.5 160000
0.05 NaN AP 2 1e-8 1e-8 0.1 0.9 0.5 16000
0.05 NaN AP 2 1e-8 1e-8 0.1 0.9 0.25 320000
0.05 NaN AP 2 1e-8 1e-8 0.1 0.9 0.25 32000
0.05 NaN AP 2 1e-8 1e-8 0.1 0.9 0.25 160000
0.05 NaN AP 2 1e-8 1e-8 0.1 0.9 0.25 16000
0.05 NaN AP 2 1e-8 1e-8 0.1 0.5 0.5 320000
0.05 NaN AP 2 1e-8 1e-8 0.1 0.5 0.5 32000
0.05 NaN AP 2 1e-8 1e-8 0.1 0.5 0.5 160000
0.05 NaN AP 2 1e-8 1e-8 0.1 0.5 0.5 16000
0.05 NaN AP 2 1e-8 1e-8 0.1 0.5 0.25 320000
0.05 NaN AP 2 1e-8 1e-8 0.1 0.5 0.25 32000
0.05 NaN AP 2 1e-8 1e-8 0.1 0.5 0.25 160000
0.05 NaN AP 2 1e-8 1e-8 0.1 0.5 0.25 16000
0.05 NaN AP 2 1e-8 1e-8 0.1 0.2 0.5 320000
0.05 NaN AP 2 1e-8 1e-8 0.1 0.2 0.5 32000
0.05 NaN AP 2 1e-8 1e-8 0.1 0.2 0.5 160000
0.05 NaN AP 2 1e-8 1e-8 0.1 0.2 0.5 16000
0.05 NaN AP 2 1e-8 1e-8 0.1 0.1 0.5 320000
0.05 NaN =2 1e-8 1e-8 0.1 0.09 0.5 32000 NA
0.05 NaN =2 1e-8 1e-8 0.1 0.09 0.5 320000 NA
0.05 NaN =2 1e-8 1e-8 0.1 0.09 0.5 16000 NA
0.05 NaN =2 1e-8 1e-8 0.1 0.09 0.5 160000 NA
0.05 NaN =2 1e-8 1e-8 0.1 0.05 0.5 32000 NA
0.05 NaN =2 1e-8 1e-8 0.1 0.05 0.5 320000 NA
0.05 NaN =2 1e-8 1e-8 0.1 0.05 0.5 16000 NA
0.05 NaN =2 1e-8 1e-8 0.1 0.05 0.5 160000 NA
0.05 NaN =2 1e-8 1e-8 0.1 0.02 0.5 32000 NA
0.05 NaN =2 1e-8 1e-8 0.1 0.02 0.5 320000 NA
0.05 NaN =2 1e-8 1e-8 0.1 0.02 0.5 16000 NA
0.05 NaN =2 1e-8 1e-8 0.1 0.02 0.5 160000 NA
0.05 NaN =2 1e-8 1e-8 0.1 0.02 0.25 32000 NA
0.05 NaN =2 1e-8 1e-8 0.1 0.02 0.25 320000 NA
0.05 NaN =2 1e-8 1e-8 0.1 0.02 0.25 16000 NA
0.05 NaN =2 1e-8 1e-8 0.1 0.02 0.25 160000 NA
0.05 NaN =2 1e-8 1e-8 0.1 0.01 0.5 32000 NA
0.05 NaN =2 1e-8 1e-8 0.1 0.01 0.5 320000 NA
0.05 NaN =2 1e-8 1e-8 0.1 0.01 0.5 16000 NA
0.05 NaN =2 1e-8 1e-8 0.1 0.01 0.5 160000 NA
0.05 NaN =2 1e-8 1e-8 0.1 0.01 0.25 32000 NA
0.05 NaN =2 1e-8 1e-8 0.1 0.01 0.25 320000 NA
0.05 NaN =2 1e-8 1e-8 0.1 0.01 0.25 16000 NA
0.05 NaN =2 1e-8 1e-8 0.1 0.01 0.25 160000 NA
0.05 NaN =2 1e-8 1e-8 0.09 0.1 0.5 32000 NA
0.05 NaN =2 1e-8 1e-8 0.09 0.1 0.5 320000 NA
0.05 NaN =2 1e-8 1e-8 0.09 0.1 0.5 16000 NA
0.05 NaN =2 1e-8 1e-8 0.09 0.1 0.5 160000 NA
0.05 NaN =2 1e-8 1e-8 0.09 0.09 0.5 320000 NA
0.05 NaN =2 1e-8 1e-8 0.09 0.09 0.5 160000 NA
0.05 NaN =2 1e-8 1e-8 0.09 0.05 0.5 32000 NA
0.05 NaN =2 1e-8 1e-8 0.09 0.05 0.5 320000 NA
0.05 NaN =2 1e-8 1e-8 0.09 0.05 0.5 16000 NA
0.05 NaN =2 1e-8 1e-8 0.09 0.05 0.5 160000 NA
0.05 NaN =2 1e-8 1e-8 0.09 0.02 0.5 32000 NA
0.05 NaN =2 1e-8 1e-8 0.09 0.02 0.5 320000 NA
0.05 NaN =2 1e-8 1e-8 0.09 0.02 0.5 16000 NA
0.05 NaN =2 1e-8 1e-8 0.09 0.02 0.5 160000 NA
0.05 NaN =2 1e-8 1e-8 0.09 0.02 0.25 32000 NA
0.05 NaN =2 1e-8 1e-8 0.09 0.02 0.25 320000 NA
0.05 NaN =2 1e-8 1e-8 0.09 0.02 0.25 16000 NA
0.05 NaN =2 1e-8 1e-8 0.09 0.02 0.25 160000 NA
0.05 NaN =2 1e-8 1e-8 0.09 0.01 0.5 32000 NA
0.05 NaN =2 1e-8 1e-8 0.09 0.01 0.5 320000 NA
0.05 NaN =2 1e-8 1e-8 0.09 0.01 0.5 16000 NA
0.05 NaN =2 1e-8 1e-8 0.09 0.01 0.5 160000 NA
0.05 NaN =2 1e-8 1e-8 0.09 0.01 0.25 32000 NA
0.05 NaN =2 1e-8 1e-8 0.09 0.01 0.25 320000 NA
0.05 NaN =2 1e-8 1e-8 0.09 0.01 0.25 16000 NA
0.05 NaN =2 1e-8 1e-8 0.09 0.01 0.25 160000 NA
0.05 NaN =2 1e-8 1e-8 0.05 0.1 0.5 32000 NA
0.05 NaN =2 1e-8 1e-8 0.05 0.1 0.5 320000 NA
0.05 NaN =2 1e-8 1e-8 0.05 0.1 0.5 16000 NA
0.05 NaN =2 1e-8 1e-8 0.05 0.1 0.5 160000 NA
0.05 NaN =2 1e-8 1e-8 0.05 0.09 0.5 32000 NA
0.05 NaN =2 1e-8 1e-8 0.05 0.09 0.5 320000 NA
0.05 NaN =2 1e-8 1e-8 0.05 0.09 0.5 16000 NA
0.05 NaN =2 1e-8 1e-8 0.05 0.09 0.5 160000 NA
0.05 NaN =2 1e-8 1e-8 0.05 0.05 0.5 32000 NA
0.05 NaN =2 1e-8 1e-8 0.05 0.05 0.5 320000 NA
0.05 NaN =2 1e-8 1e-8 0.05 0.05 0.5 160000 NA
0.05 NaN =2 1e-8 1e-8 0.05 0.02 0.5 32000 NA
0.05 NaN =2 1e-8 1e-8 0.05 0.02 0.5 320000 NA
0.05 NaN =2 1e-8 1e-8 0.05 0.02 0.5 16000 NA
0.05 NaN =2 1e-8 1e-8 0.05 0.02 0.5 160000 NA
0.05 NaN =2 1e-8 1e-8 0.05 0.02 0.25 32000 NA
0.05 NaN =2 1e-8 1e-8 0.05 0.02 0.25 320000 NA
0.05 NaN =2 1e-8 1e-8 0.05 0.02 0.25 16000 NA
0.05 NaN =2 1e-8 1e-8 0.05 0.02 0.25 160000 NA
0.05 NaN =2 1e-8 1e-8 0.05 0.01 0.5 32000 NA
0.05 NaN =2 1e-8 1e-8 0.05 0.01 0.5 320000 NA
0.05 NaN =2 1e-8 1e-8 0.05 0.01 0.5 16000 NA
0.05 NaN =2 1e-8 1e-8 0.05 0.01 0.5 160000 NA
0.05 NaN =2 1e-8 1e-8 0.05 0.01 0.25 32000 NA
0.05 NaN =2 1e-8 1e-8 0.05 0.01 0.25 320000 NA
0.05 NaN =2 1e-8 1e-8 0.05 0.01 0.25 16000 NA
0.05 NaN =2 1e-8 1e-8 0.05 0.01 0.25 160000 NA
0.05 NaN =2 1e-8 1e-8 0.02 0.1 0.5 32000 NA
0.05 NaN =2 1e-8 1e-8 0.02 0.1 0.5 320000 NA
0.05 NaN =2 1e-8 1e-8 0.02 0.1 0.5 16000 NA
0.05 NaN =2 1e-8 1e-8 0.02 0.1 0.5 160000 NA
0.05 NaN =2 1e-8 1e-8 0.02 0.1 0.25 32000 NA
0.05 NaN =2 1e-8 1e-8 0.02 0.1 0.25 320000 NA
0.05 NaN =2 1e-8 1e-8 0.02 0.1 0.25 16000 NA
0.05 NaN =2 1e-8 1e-8 0.02 0.1 0.25 160000 NA
0.05 NaN =2 1e-8 1e-8 0.02 0.09 0.5 32000 NA
0.05 NaN =2 1e-8 1e-8 0.02 0.09 0.5 320000 NA
0.05 NaN =2 1e-8 1e-8 0.02 0.09 0.5 16000 NA
0.05 NaN =2 1e-8 1e-8 0.02 0.09 0.5 160000 NA
0.05 NaN =2 1e-8 1e-8 0.02 0.09 0.25 32000 NA
0.05 NaN =2 1e-8 1e-8 0.02 0.09 0.25 320000 NA
0.05 NaN =2 1e-8 1e-8 0.02 0.09 0.25 16000 NA
0.05 NaN =2 1e-8 1e-8 0.02 0.09 0.25 160000 NA
0.05 NaN =2 1e-8 1e-8 0.02 0.05 0.5 32000 NA
0.05 NaN =2 1e-8 1e-8 0.02 0.05 0.5 320000 NA
0.05 NaN =2 1e-8 1e-8 0.02 0.05 0.5 16000 NA
0.05 NaN =2 1e-8 1e-8 0.02 0.05 0.5 160000 NA
0.05 NaN =2 1e-8 1e-8 0.02 0.05 0.25 32000 NA
0.05 NaN =2 1e-8 1e-8 0.02 0.05 0.25 320000 NA
0.05 NaN =2 1e-8 1e-8 0.02 0.05 0.25 16000 NA
0.05 NaN =2 1e-8 1e-8 0.02 0.05 0.25 160000 NA
0.05 NaN =2 1e-8 1e-8 0.02 0.02 0.5 32000 NA
0.05 NaN =2 1e-8 1e-8 0.02 0.02 0.5 320000 NA
0.05 NaN =2 1e-8 1e-8 0.02 0.02 0.5 160000 NA
0.05 NaN =2 1e-8 1e-8 0.02 0.01 0.5 32000 NA
0.05 NaN =2 1e-8 1e-8 0.02 0.01 0.5 320000 NA
0.05 NaN =2 1e-8 1e-8 0.02 0.01 0.5 16000 NA
0.05 NaN =2 1e-8 1e-8 0.02 0.01 0.5 160000 NA
0.05 NaN =2 1e-8 1e-8 0.02 0.01 0.25 32000 NA
0.05 NaN =2 1e-8 1e-8 0.02 0.01 0.25 320000 NA
0.05 NaN =2 1e-8 1e-8 0.02 0.01 0.25 160000 NA
0.05 NaN =2 1e-8 1e-8 0.01 0.1 0.5 32000 NA
0.05 NaN =2 1e-8 1e-8 0.01 0.1 0.5 320000 NA
0.05 NaN =2 1e-8 1e-8 0.01 0.1 0.5 16000 NA
0.05 NaN =2 1e-8 1e-8 0.01 0.1 0.5 160000 NA
0.05 NaN =2 1e-8 1e-8 0.01 0.1 0.25 32000 NA
0.05 NaN =2 1e-8 1e-8 0.01 0.1 0.25 320000 NA
0.05 NaN =2 1e-8 1e-8 0.01 0.1 0.25 16000 NA
0.05 NaN =2 1e-8 1e-8 0.01 0.1 0.25 160000 NA
0.05 NaN =2 1e-8 1e-8 0.01 0.09 0.5 32000 NA
0.05 NaN =2 1e-8 1e-8 0.01 0.09 0.5 320000 NA
0.05 NaN =2 1e-8 1e-8 0.01 0.09 0.5 16000 NA
0.05 NaN =2 1e-8 1e-8 0.01 0.09 0.5 160000 NA
0.05 NaN =2 1e-8 1e-8 0.01 0.09 0.25 32000 NA
0.05 NaN =2 1e-8 1e-8 0.01 0.09 0.25 320000 NA
0.05 NaN =2 1e-8 1e-8 0.01 0.09 0.25 16000 NA
0.05 NaN =2 1e-8 1e-8 0.01 0.09 0.25 160000 NA
0.05 NaN =2 1e-8 1e-8 0.01 0.05 0.5 32000 NA
0.05 NaN =2 1e-8 1e-8 0.01 0.05 0.5 320000 NA
0.05 NaN =2 1e-8 1e-8 0.01 0.05 0.5 16000 NA
0.05 NaN =2 1e-8 1e-8 0.01 0.05 0.5 160000 NA
0.05 NaN =2 1e-8 1e-8 0.01 0.05 0.25 32000 NA
0.05 NaN =2 1e-8 1e-8 0.01 0.05 0.25 320000 NA
0.05 NaN =2 1e-8 1e-8 0.01 0.05 0.25 16000 NA
0.05 NaN =2 1e-8 1e-8 0.01 0.05 0.25 160000 NA
0.05 NaN =2 1e-8 1e-8 0.01 0.02 0.5 32000 NA
0.05 NaN =2 1e-8 1e-8 0.01 0.02 0.5 320000 NA
0.05 NaN =2 1e-8 1e-8 0.01 0.02 0.5 16000 NA
0.05 NaN =2 1e-8 1e-8 0.01 0.02 0.5 160000 NA
0.05 NaN =2 1e-8 1e-8 0.01 0.02 0.25 32000 NA
0.05 NaN =2 1e-8 1e-8 0.01 0.02 0.25 320000 NA
0.05 NaN =2 1e-8 1e-8 0.01 0.02 0.25 16000 NA
0.05 NaN =2 1e-8 1e-8 0.01 0.02 0.25 160000 NA
0.05 NaN =2 1e-8 1e-8 0.01 0.01 0.5 32000 NA
0.05 NaN =2 1e-8 1e-8 0.01 0.01 0.5 320000 NA
0.05 NaN =2 1e-8 1e-8 0.01 0.01 0.5 16000 NA
0.05 NaN =2 1e-8 1e-8 0.01 0.01 0.5 160000 NA
0.05 1 SA 2 1e-8 1e-8 1 0.9 0.5 320000
0.05 1 SA 2 1e-8 1e-8 0.9 0.9 0.5 320000
0.05 1 SA 2 1e-8 1e-8 0.1 0.1 0.5 320000
0.05 1 SA 2 1e-8 1e-8 0.1 0.1 0.5 160000
0.05 1 SA 2 1e-8 1e-8 0.1 0.09 0.25 320000
0.05 1 SA 2 1e-8 1e-8 0.09 0.1 0.25 320000
0.05 1 SA 2 1e-8 1e-8 0.09 0.09 0.5 160000
0.05 1 SA 2 1e-8 1e-8 0.05 0.1 0.25 160000
0.05 1 SA 2 1e-8 1e-8 0.05 0.05 0.5 16000
0.05 1 SA 2 1e-8 1e-8 0.02 0.02 0.25 320000
0.05 1 SA 2 1e-8 1e-8 0.02 0.01 0.25 16000
0.05 1 SA 2 1e-8 1e-8 0.01 0.02 0.25 16000
0.05 1 SA 2 1e-8 1e-8 0.01 0.01 0.25 320000
0.05 1 SA 2 1e-8 1e-8 0.01 0.01 0.25 160000
0.05 1 OD 2 1e-8 1e-8 0.5 0.5 0.5 320000
0.05 1 OD 2 1e-8 1e-8 0.2 0.1 0.5 320000
0.05 1 OD 2 1e-8 1e-8 0.1 0.5 0.5 320000
0.05 1 OD 2 1e-8 1e-8 0.01 0.09 0.5 32000
0.05 1 AP 2 1e-8 1e-8 1 1 0.5 320000
0.05 1 AP 2 1e-8 1e-8 1 1 0.25 320000
0.05 1 AP 2 1e-8 1e-8 0.9 0.9 0.25 320000
0.05 1 AP 2 1e-8 1e-8 0.2 0.5 0.25 320000
0.05 1 =2 1e-8 1e-8 0.1 0.1 0.5 320000 NA
0.05 1 =2 1e-8 1e-8 0.1 0.1 0.5 160000 NA
0.05 1 =2 1e-8 1e-8 0.1 0.05 0.25 320000 NA
0.05 1 =2 1e-8 1e-8 0.09 0.09 0.25 320000 NA
0.05 1 =2 1e-8 1e-8 0.05 0.05 0.25 320000 NA
0.05 1 =2 1e-8 1e-8 0.02 0.02 0.5 16000 NA
0.05 0 SA 2 1e-8 1e-8 0.5 0.9 0.5 16000
0.05 0 OD 2 1e-8 1e-8 0.1 0.01 0.5 16000
0.05 0.9 AP 2 1e-8 1e-8 0.9 0.9 0.5 160000
0.05 0.985714285714286 OD 2 1e-8 1e-8 0.9 1 0.5 320000
0.05 0.985507246376812 OD 2 1e-8 1e-8 0.1 0.05 0.5 320000
0.05 0.985294117647059 =2 1e-8 1e-8 0.09 0.05 0.25 320000 NA
0.05 0.984848484848485 SA 2 1e-8 1e-8 0.2 0.2 0.25 320000
0.05 0.984848484848485 OD 2 1e-8 1e-8 0.01 0.01 0.5 320000
0.05 0.984375 OD 2 1e-8 1e-8 1 0.1 0.5 320000
0.05 0.984126984126984 SA 2 1e-8 1e-8 0.5 0.5 0.25 320000
0.05 0.984126984126984 OD 2 1e-8 1e-8 0.1 0.09 0.5 320000
0.05 0.984126984126984 OD 2 1e-8 1e-8 0.1 0.02 0.5 320000
0.05 0.983870967741935 OD 2 1e-8 1e-8 0.05 0.05 0.5 320000
0.05 0.983870967741935 =2 1e-8 1e-8 0.1 0.1 0.25 320000 NA
0.05 0.983606557377049 SA 2 1e-8 1e-8 0.5 0.9 0.25 320000
0.05 0.983606557377049 OD 2 1e-8 1e-8 0.02 0.09 0.5 160000
0.05 0.983333333333333 OD 2 1e-8 1e-8 0.09 0.09 0.5 320000
0.05 0.983050847457627 OD 2 1e-8 1e-8 0.2 1 0.5 320000
0.05 0.982456140350877 SA 2 1e-8 1e-8 1 1 0.5 320000
0.05 0.982456140350877 SA 2 1e-8 1e-8 0.2 0.2 0.5 320000
0.05 0.982142857142857 SA 2 1e-8 1e-8 0.9 0.9 0.25 320000
0.05 0.982142857142857 SA 2 1e-8 1e-8 0.05 0.05 0.25 160000
0.05 0.982142857142857 OD 2 1e-8 1e-8 0.5 1 0.5 320000
0.05 0.981818181818182 SA 2 1e-8 1e-8 0.9 0.5 0.25 320000
0.05 0.981818181818182 OD 2 1e-8 1e-8 0.01 0.02 0.5 160000
0.05 0.978260869565217 =2 1e-8 1e-8 0.1 0.05 0.25 160000 NA
0.05 0.972972972972973 OD 2 1e-8 1e-8 1 0.5 0.5 320000
0.05 0.972972972972973 =2 1e-8 1e-8 0.05 0.1 0.25 320000 NA
0.05 0.971830985915493 OD 2 1e-8 1e-8 0.2 0.2 0.5 320000
0.05 0.971830985915493 OD 2 1e-8 1e-8 0.2 0.2 0.5 160000
0.05 0.970149253731343 SA 2 1e-8 1e-8 1 1 0.25 320000
0.05 0.970149253731343 SA 2 1e-8 1e-8 0.9 1 0.25 160000
0.05 0.970149253731343 OD 2 1e-8 1e-8 0.09 0.02 0.5 320000
0.05 0.970149253731343 AP 2 1e-8 1e-8 0.2 0.1 0.25 320000
0.05 0.96875 SA 2 1e-8 1e-8 0.5 0.5 0.5 320000
0.05 0.96875 OD 2 1e-8 1e-8 0.2 0.5 0.5 320000
0.05 0.96875 OD 2 1e-8 1e-8 0.1 1 0.5 320000
0.05 0.968253968253968 OD 2 1e-8 1e-8 0.1 0.2 0.5 320000
0.05 0.968253968253968 OD 2 1e-8 1e-8 0.02 0.01 0.5 320000
0.05 0.968253968253968 =2 1e-8 1e-8 0.1 0.09 0.25 320000 NA
0.05 0.967741935483871 SA 2 1e-8 1e-8 0.5 1 0.25 320000
0.05 0.967741935483871 OD 2 1e-8 1e-8 0.1 0.1 0.5 320000
0.05 0.967741935483871 OD 2 1e-8 1e-8 0.09 0.1 0.5 320000
0.05 0.967213114754098 OD 2 1e-8 1e-8 1 0.9 0.5 320000
0.05 0.967213114754098 OD 2 1e-8 1e-8 0.1 0.5 0.5 160000
0.05 0.967213114754098 AP 2 1e-8 1e-8 0.2 0.2 0.5 320000
0.05 0.966666666666667 SA 2 1e-8 1e-8 0.1 0.1 0.25 320000
0.05 0.966666666666667 OD 2 1e-8 1e-8 0.02 0.1 0.5 320000
0.05 0.966666666666667 AP 2 1e-8 1e-8 0.9 0.9 0.5 320000
0.05 0.966666666666667 =2 1e-8 1e-8 0.05 0.09 0.25 320000 NA
0.05 0.964912280701754 SA 2 1e-8 1e-8 1 1 0.5 160000
0.05 0.964912280701754 SA 2 1e-8 1e-8 0.2 0.2 0.5 160000
0.05 0.964912280701754 AP 2 1e-8 1e-8 0.5 0.5 0.5 320000
0.05 0.964285714285714 SA 2 1e-8 1e-8 0.09 0.05 0.25 160000
0.05 0.964285714285714 SA 2 1e-8 1e-8 0.05 0.05 0.25 320000
0.05 0.964285714285714 AP 2 1e-8 1e-8 1 0.9 0.25 320000
0.05 0.964285714285714 AP 2 1e-8 1e-8 0.5 0.9 0.25 320000
0.05 0.963636363636364 OD 2 1e-8 1e-8 0.01 0.02 0.5 320000
0.05 0.963636363636364 =2 1e-8 1e-8 0.09 0.1 0.25 160000 NA
0.05 0.962264150943396 OD 2 1e-8 1e-8 0.2 0.1 0.5 160000
0.05 0.95 SA 2 1e-8 1e-8 0.9 0.9 0.5 160000
0.05 0.95 SA 2 1e-8 1e-8 0.1 0.1 0.25 160000
0.05 0.959459459459459 SA 2 1e-8 1e-8 0.2 0.1 0.25 320000
0.05 0.959459459459459 SA 2 1e-8 1e-8 0.2 0.1 0.25 160000
0.05 0.959183673469388 OD 2 1e-8 1e-8 0.09 0.05 0.5 320000
0.05 0.959183673469388 OD 2 1e-8 1e-8 0.09 0.05 0.5 160000
0.05 0.957746478873239 SA 2 1e-8 1e-8 0.1 0.1 0.25 320000
0.05 0.957142857142857 SA 2 1e-8 1e-8 0.09 0.09 0.25 320000
0.05 0.957142857142857 SA 2 1e-8 1e-8 0.09 0.09 0.25 160000
0.05 0.956521739130435 SA 2 1e-8 1e-8 0.02 0.02 0.25 160000
0.05 0.956521739130435 =2 1e-8 1e-8 0.01 0.01 0.25 320000 NA
0.05 0.955882352941177 AP 2 1e-8 1e-8 0.2 0.2 0.25 320000
0.05 0.955882352941177 AP 2 1e-8 1e-8 0.2 0.2 0.25 160000
0.05 0.955882352941177 =2 1e-8 1e-8 0.02 0.02 0.25 160000 NA
0.05 0.955223880597015 SA 2 1e-8 1e-8 0.9 1 0.5 320000
0.05 0.955223880597015 SA 2 1e-8 1e-8 0.9 1 0.25 320000
0.05 0.955223880597015 OD 2 1e-8 1e-8 0.1 0.1 0.5 320000
0.05 0.955223880597015 AP 2 1e-8 1e-8 0.2 0.1 0.25 160000
0.05 0.954545454545455 SA 2 1e-8 1e-8 0.05 0.09 0.25 320000
0.05 0.954545454545455 OD 2 1e-8 1e-8 0.01 0.01 0.5 160000
0.05 0.954545454545455 AP 2 1e-8 1e-8 0.9 0.5 0.25 320000
0.05 0.954545454545455 AP 2 1e-8 1e-8 0.1 0.2 0.25 320000
0.05 0.953846153846154 AP 2 1e-8 1e-8 0.5 0.5 0.25 320000
0.05 0.953125 SA 2 1e-8 1e-8 0.09 0.1 0.25 160000
0.05 0.953125 OD 2 1e-8 1e-8 0.9 0.9 0.5 320000
0.05 0.953125 OD 2 1e-8 1e-8 0.5 0.1 0.5 320000
0.05 0.952380952380952 SA 2 1e-8 1e-8 1 0.5 0.25 320000
0.05 0.952380952380952 SA 2 1e-8 1e-8 1 0.5 0.25 160000
0.05 0.952380952380952 OD 2 1e-8 1e-8 0.05 0.02 0.5 320000
0.05 0.950819672131147 OD 2 1e-8 1e-8 0.02 0.09 0.5 320000
0.05 0.94 SA 2 1e-8 1e-8 0.2 0.5 0.25 320000
0.05 0.949152542372881 OD 2 1e-8 1e-8 0.9 0.5 0.5 320000
0.05 0.947368421052632 AP 2 1e-8 1e-8 0.5 0.5 0.5 160000
0.05 0.946428571428571 OD 2 1e-8 1e-8 0.05 0.1 0.5 320000
0.05 0.946428571428571 OD 2 1e-8 1e-8 0.05 0.1 0.5 160000
0.05 0.945454545454545 SA 2 1e-8 1e-8 0.9 0.5 0.25 160000
0.05 0.945454545454545 OD 2 1e-8 1e-8 0.9 0.1 0.5 320000
0.05 0.945454545454545 AP 2 1e-8 1e-8 1 0.9 0.5 320000
0.05 0.945454545454545 =2 1e-8 1e-8 0.09 0.1 0.25 320000 NA
0.05 0.943661971830986 SA 2 1e-8 1e-8 1 0.9 0.5 160000
0.05 0.941176470588235 =2 1e-8 1e-8 0.02 0.02 0.25 320000 NA
0.05 0.940298507462687 OD 2 1e-8 1e-8 0.1 0.1 0.5 160000
0.05 0.939393939393939 SA 2 1e-8 1e-8 0.2 0.2 0.25 160000
0.05 0.938775510204082 =2 1e-8 1e-8 0.01 0.01 0.25 160000 NA
0.05 0.938461538461538 OD 2 1e-8 1e-8 0.02 0.02 0.5 320000
0.05 0.9375 SA 2 1e-8 1e-8 0.1 0.09 0.25 160000
0.05 0.9375 SA 2 1e-8 1e-8 0.09 0.05 0.25 320000
0.05 0.9375 OD 2 1e-8 1e-8 1 0.1 0.5 160000
0.05 0.9375 OD 2 1e-8 1e-8 0.9 0.9 0.5 160000
0.05 0.9375 OD 2 1e-8 1e-8 0.2 0.5 0.5 160000
0.05 0.936507936507937 OD 2 1e-8 1e-8 0.05 0.02 0.5 160000
0.05 0.936507936507937 AP 2 1e-8 1e-8 0.9 0.9 0.25 160000
0.05 0.936507936507937 =2 1e-8 1e-8 0.1 0.09 0.25 160000 NA
0.05 0.936507936507937 =2 1e-8 1e-8 0.09 0.09 0.25 160000 NA
0.05 0.935483870967742 SA 2 1e-8 1e-8 1 0.9 0.25 320000
0.05 0.935483870967742 OD 2 1e-8 1e-8 0.09 0.1 0.5 160000
0.05 0.935483870967742 AP 2 1e-8 1e-8 0.9 1 0.5 320000
0.05 0.935483870967742 =2 1e-8 1e-8 0.1 0.1 0.25 160000 NA
0.05 0.934426229508197 OD 2 1e-8 1e-8 0.5 0.5 0.5 160000
0.05 0.933333333333333 OD 2 1e-8 1e-8 0.09 0.09 0.5 160000
0.05 0.933333333333333 AP 2 1e-8 1e-8 0.5 0.2 0.25 320000
0.05 0.932203389830508 OD 2 1e-8 1e-8 0.5 0.2 0.5 320000
0.05 0.932203389830508 OD 2 1e-8 1e-8 0.5 0.2 0.5 160000
0.05 0.932203389830508 AP 2 1e-8 1e-8 1 0.5 0.25 320000
0.05 0.932203389830508 AP 2 1e-8 1e-8 1 0.5 0.25 160000
0.05 0.931034482758621 OD 2 1e-8 1e-8 0.05 0.09 0.5 320000
0.05 0.92 SA 2 1e-8 1e-8 0.2 0.5 0.25 160000
0.05 0.929577464788732 SA 2 1e-8 1e-8 0.1 0.1 0.25 160000
0.05 0.927272727272727 OD 2 1e-8 1e-8 0.1 0.9 0.5 160000
0.05 0.927272727272727 AP 2 1e-8 1e-8 1 0.9 0.5 160000
0.05 0.925373134328358 SA 2 1e-8 1e-8 1 1 0.25 160000
0.05 0.925373134328358 SA 2 1e-8 1e-8 0.1 0.2 0.25 320000
0.05 0.925373134328358 SA 2 1e-8 1e-8 0.1 0.2 0.25 160000
0.05 0.925373134328358 OD 2 1e-8 1e-8 0.09 0.02 0.5 160000
0.05 0.925373134328358 AP 2 1e-8 1e-8 0.9 1 0.25 320000
0.05 0.924528301886792 AP 2 1e-8 1e-8 0.5 1 0.25 320000
0.05 0.924242424242424 AP 2 1e-8 1e-8 0.2 0.5 0.25 160000
0.05 0.923076923076923 OD 2 1e-8 1e-8 0.5 0.9 0.5 160000
0.05 0.923076923076923 AP 2 1e-8 1e-8 0.5 0.5 0.25 160000
0.05 0.9 =2 1e-8 1e-8 0.05 0.1 0.25 160000 NA
0.05 0.921875 SA 2 1e-8 1e-8 0.5 0.5 0.5 160000
0.05 0.921875 AP 2 1e-8 1e-8 1 1 0.5 160000
0.05 0.920634920634921 SA 2 1e-8 1e-8 0.5 0.5 0.25 160000
0.05 0.920634920634921 SA 2 1e-8 1e-8 0.5 0.2 0.25 320000
0.05 0.920634920634921 OD 2 1e-8 1e-8 0.2 0.9 0.5 160000
0.05 0.920634920634921 OD 2 1e-8 1e-8 0.1 0.09 0.5 160000
0.05 0.919354838709677 OD 2 1e-8 1e-8 0.1 0.1 0.5 160000
0.05 0.919354838709677 OD 2 1e-8 1e-8 0.05 0.05 0.5 160000
0.05 0.919354838709677 AP 2 1e-8 1e-8 0.1 0.1 0.25 320000
0.05 0.918918918918919 SA 2 1e-8 1e-8 0.05 0.09 0.25 160000
0.05 0.917808219178082 OD 2 1e-8 1e-8 1 0.2 0.5 160000
0.05 0.916666666666667 OD 2 1e-8 1e-8 0.9 0.2 0.5 320000
0.05 0.916666666666667 =2 1e-8 1e-8 0.05 0.09 0.25 160000 NA
0.05 0.915254237288136 OD 2 1e-8 1e-8 0.2 1 0.5 160000
0.05 0.915254237288136 OD 2 1e-8 1e-8 0.02 0.05 0.5 320000
0.05 0.913793103448276 OD 2 1e-8 1e-8 0.05 0.09 0.5 160000
0.05 0.91304347826087 OD 2 1e-8 1e-8 1 1 0.5 320000
0.05 0.91304347826087 OD 2 1e-8 1e-8 1 1 0.5 160000
0.05 0.911764705882353 =2 1e-8 1e-8 0.09 0.05 0.25 160000 NA
0.05 0.91044776119403 =2 1e-8 1e-8 0.05 0.05 0.25 160000 NA
0.05 0.909090909090909 OD 2 1e-8 1e-8 0.1 0.9 0.5 320000
0.05 0.909090909090909 OD 2 1e-8 1e-8 0.05 0.01 0.5 160000
0.05 0.907692307692308 OD 2 1e-8 1e-8 0.5 0.9 0.5 320000
0.05 0.905660377358491 AP 2 1e-8 1e-8 0.5 1 0.25 160000
0.05 0.904761904761905 OD 2 1e-8 1e-8 0.1 0.2 0.5 160000
0.05 0.904761904761905 OD 2 1e-8 1e-8 0.1 0.02 0.5 160000
0.05 0.901639344262295 OD 2 1e-8 1e-8 1 0.9 0.5 160000
0.05 0.898550724637681 OD 2 1e-8 1e-8 0.1 0.05 0.5 160000
0.05 0.898305084745763 OD 2 1e-8 1e-8 0.9 0.5 0.5 160000
0.05 0.898305084745763 OD 2 1e-8 1e-8 0.02 0.05 0.5 160000
0.05 0.892857142857143 SA 2 1e-8 1e-8 0.9 0.9 0.25 160000
0.05 0.892857142857143 AP 2 1e-8 1e-8 0.5 0.9 0.25 160000
0.05 0.892307692307692 OD 2 1e-8 1e-8 0.02 0.02 0.5 160000
0.05 0.891891891891892 OD 2 1e-8 1e-8 1 0.5 0.5 160000
0.05 0.890909090909091 OD 2 1e-8 1e-8 0.9 0.1 0.5 160000
0.05 0.89041095890411 OD 2 1e-8 1e-8 1 0.2 0.5 320000
0.05 0.888888888888889 OD 2 1e-8 1e-8 0.2 0.9 0.5 320000
0.05 0.888888888888889 OD 2 1e-8 1e-8 0.02 0.01 0.5 160000
0.05 0.888888888888889 OD 2 1e-8 1e-8 0.01 0.05 0.5 160000
0.05 0.887096774193548 AP 2 1e-8 1e-8 0.1 0.1 0.25 160000
0.05 0.885245901639344 SA 2 1e-8 1e-8 0.5 0.9 0.25 160000
0.05 0.885245901639344 AP 2 1e-8 1e-8 0.2 0.2 0.5 160000
0.05 0.880597014925373 AP 2 1e-8 1e-8 0.9 1 0.25 160000
0.05 0.875 OD 2 1e-8 1e-8 0.1 1 0.5 160000
0.05 0.875 AP 2 1e-8 1e-8 0.1 0.1 0.5 160000
0.05 0.871428571428571 OD 2 1e-8 1e-8 0.9 1 0.5 160000
0.05 0.870967741935484 AP 2 1e-8 1e-8 0.9 1 0.5 160000
0.05 0.870967741935484 AP 2 1e-8 1e-8 0.5 0.2 0.25 160000
0.05 0.866666666666667 OD 2 1e-8 1e-8 0.02 0.1 0.5 160000
0.05 0.865671641791045 SA 2 1e-8 1e-8 0.9 1 0.5 160000
0.05 0.863636363636364 AP 2 1e-8 1e-8 0.1 0.2 0.25 160000
0.05 0.859375 OD 2 1e-8 1e-8 0.5 0.1 0.5 160000
0.05 0.857142857142857 AP 2 1e-8 1e-8 1 0.9 0.25 160000
0.05 0.854838709677419 SA 2 1e-8 1e-8 1 0.9 0.25 160000
0.05 0.838709677419355 SA 2 1e-8 1e-8 0.5 1 0.25 160000
0.05 0.830769230769231 AP 2 1e-8 1e-8 1 1 0.25 160000
0.05 0.816666666666667 OD 2 1e-8 1e-8 0.9 0.2 0.5 160000
0.05 0.80952380952381 SA 2 1e-8 1e-8 0.5 0.2 0.25 160000
0.05 0.803571428571429 OD 2 1e-8 1e-8 0.5 1 0.5 160000
0.05 0.7 SA 2 1e-8 1e-8 0.1 0.1 0.5 32000
0.05 0.793650793650794 AP 2 1e-8 1e-8 0.9 0.9 0.25 32000
0.05 0.783333333333333 SA 2 1e-8 1e-8 0.9 0.9 0.5 32000
0.05 0.772727272727273 AP 2 1e-8 1e-8 0.9 0.5 0.25 160000
0.05 0.733333333333333 SA 2 1e-8 1e-8 0.1 0.1 0.25 32000
0.05 0.728813559322034 =2 1e-8 1e-8 0.05 0.1 0.25 32000 NA
0.05 0.6875 AP 2 1e-8 1e-8 1 1 0.5 32000
0.05 0.686567164179104 SA 2 1e-8 1e-8 1 1 0.25 32000
0.05 0.671875 SA 2 1e-8 1e-8 0.5 0.5 0.5 32000
0.05 0.666666666666667 =2 1e-8 1e-8 0.1 0.09 0.25 32000 NA
0.05 0.661971830985915 SA 2 1e-8 1e-8 1 0.9 0.5 32000
0.05 0.661290322580645 AP 2 1e-8 1e-8 0.1 0.1 0.25 32000
0.05 0.656716417910448 SA 2 1e-8 1e-8 0.9 1 0.25 32000
0.05 0.65625 SA 2 1e-8 1e-8 0.09 0.1 0.25 32000
0.05 0.655737704918033 AP 2 1e-8 1e-8 0.2 0.2 0.5 32000
0.05 0.650793650793651 =2 1e-8 1e-8 0.09 0.09 0.25 32000 NA
0.05 0.649122807017544 SA 2 1e-8 1e-8 1 1 0.5 32000
0.05 0.647058823529412 SA 2 1e-8 1e-8 0.1 0.2 0.25 32000
0.05 0.647058823529412 AP 2 1e-8 1e-8 0.2 0.2 0.25 32000
0.05 0.647058823529412 =2 1e-8 1e-8 0.09 0.05 0.25 32000 NA
0.05 0.646153846153846 OD 2 1e-8 1e-8 0.02 0.02 0.5 32000
0.05 0.642857142857143 AP 2 1e-8 1e-8 1 0.9 0.25 32000
0.05 0.636363636363636 =2 1e-8 1e-8 0.1 0.1 0.5 32000 NA
0.05 0.630769230769231 AP 2 1e-8 1e-8 1 1 0.25 32000
0.05 0.629032258064516 OD 2 1e-8 1e-8 0.1 0.1 0.5 32000
0.05 0.617647058823529 =2 1e-8 1e-8 0.02 0.02 0.25 32000 NA
0.05 0.616666666666667 AP 2 1e-8 1e-8 0.9 0.9 0.5 32000
0.05 0.616666666666667 =2 1e-8 1e-8 0.05 0.09 0.25 32000 NA
0.05 0.614035087719298 SA 2 1e-8 1e-8 0.2 0.2 0.5 32000
0.05 0.606060606060606 OD 2 1e-8 1e-8 0.01 0.01 0.5 32000
0.05 0.60377358490566 OD 2 1e-8 1e-8 0.2 0.1 0.5 32000
0.05 0.60377358490566 AP 2 1e-8 1e-8 0.5 1 0.25 32000
0.05 0.5 SA 2 1e-8 1e-8 0.5 1 0.25 32000
0.05 0.5 SA 2 1e-8 1e-8 0.05 0.1 0.25 32000
0.05 0.5 OD 2 1e-8 1e-8 0.2 0.5 0.5 32000
0.05 0.5 OD 2 1e-8 1e-8 0.09 0.09 0.5 32000
0.05 0.5 OD 2 1e-8 1e-8 0.05 0.01 0.5 320000
0.05 0.597014925373134 =2 1e-8 1e-8 0.05 0.05 0.25 32000 NA
0.05 0.595744680851064 SA 2 1e-8 1e-8 0.02 0.02 0.25 32000
0.05 0.590909090909091 SA 2 1e-8 1e-8 0.2 0.2 0.25 32000
0.05 0.590909090909091 AP 2 1e-8 1e-8 0.1 0.2 0.25 32000
0.05 0.590909090909091 =2 1e-8 1e-8 0.1 0.05 0.25 32000 NA
0.05 0.590163934426229 OD 2 1e-8 1e-8 0.02 0.09 0.5 32000
0.05 0.589285714285714 SA 2 1e-8 1e-8 0.9 0.9 0.25 32000
0.05 0.588235294117647 OD 2 1e-8 1e-8 0.01 0.05 0.5 32000
0.05 0.587301587301587 SA 2 1e-8 1e-8 0.5 0.5 0.25 32000
0.05 0.587301587301587 OD 2 1e-8 1e-8 0.1 0.02 0.5 32000
0.05 0.585714285714286 SA 2 1e-8 1e-8 0.09 0.09 0.25 32000
0.05 0.585714285714286 OD 2 1e-8 1e-8 0.9 1 0.5 32000
0.05 0.584615384615385 AP 2 1e-8 1e-8 0.5 0.5 0.25 32000
0.05 0.581818181818182 OD 2 1e-8 1e-8 0.9 0.1 0.5 32000
0.05 0.580645161290323 SA 2 1e-8 1e-8 1 0.9 0.25 32000
0.05 0.580645161290323 OD 2 1e-8 1e-8 0.05 0.05 0.5 32000
0.05 0.578947368421053 =2 1e-8 1e-8 0.09 0.09 0.5 32000 NA
0.05 0.578125 SA 2 1e-8 1e-8 0.1 0.09 0.25 32000
0.05 0.575342465753425 OD 2 1e-8 1e-8 1 0.2 0.5 32000
0.05 0.571428571428571 SA 2 1e-8 1e-8 0.05 0.05 0.25 32000
0.05 0.567164179104478 SA 2 1e-8 1e-8 0.9 1 0.5 32000
0.05 0.567164179104478 AP 2 1e-8 1e-8 0.9 1 0.25 32000
0.05 0.566666666666667 SA 2 1e-8 1e-8 0.01 0.01 0.25 32000
0.05 0.566666666666667 OD 2 1e-8 1e-8 0.9 0.2 0.5 32000
0.05 0.563636363636364 AP 2 1e-8 1e-8 1 0.9 0.5 32000
0.05 0.5625 OD 2 1e-8 1e-8 1 0.1 0.5 32000
0.05 0.5625 OD 2 1e-8 1e-8 0.9 0.9 0.5 32000
0.05 0.557377049180328 SA 2 1e-8 1e-8 0.5 0.9 0.25 32000
0.05 0.557377049180328 OD 2 1e-8 1e-8 0.1 0.5 0.5 32000
0.05 0.555555555555556 OD 2 1e-8 1e-8 0.2 0.9 0.5 32000
0.05 0.553571428571429 OD 2 1e-8 1e-8 0.5 1 0.5 32000
0.05 0.552238805970149 OD 2 1e-8 1e-8 0.1 0.1 0.5 32000
0.05 0.549295774647887 SA 2 1e-8 1e-8 0.1 0.1 0.25 32000
0.05 0.548387096774194 =2 1e-8 1e-8 0.1 0.1 0.25 32000 NA
0.05 0.546875 OD 2 1e-8 1e-8 0.5 0.1 0.5 32000
0.05 0.543859649122807 AP 2 1e-8 1e-8 0.5 0.5 0.5 32000
0.05 0.542372881355932 AP 2 1e-8 1e-8 1 0.5 0.25 32000
0.05 0.540983606557377 OD 2 1e-8 1e-8 0.5 0.5 0.5 32000
0.05 0.540540540540541 SA 2 1e-8 1e-8 0.2 0.1 0.25 32000
0.05 0.53968253968254 AP 2 1e-8 1e-8 0.5 0.2 0.25 32000
0.05 0.535211267605634 OD 2 1e-8 1e-8 0.2 0.2 0.5 32000
0.05 0.532258064516129 OD 2 1e-8 1e-8 0.09 0.1 0.5 32000
0.05 0.528301886792453 SA 2 1e-8 1e-8 0.09 0.05 0.25 32000
0.05 0.527272727272727 SA 2 1e-8 1e-8 0.9 0.5 0.25 32000
0.05 0.527272727272727 OD 2 1e-8 1e-8 0.1 0.9 0.5 32000
0.05 0.523809523809524 SA 2 1e-8 1e-8 1 0.5 0.25 32000
0.05 0.522388059701492 OD 2 1e-8 1e-8 0.09 0.02 0.5 32000
0.05 0.522388059701492 AP 2 1e-8 1e-8 0.2 0.1 0.25 32000
0.05 0.5 =2 1e-8 1e-8 0.05 0.05 0.5 16000 NA
0.05 0.521739130434783 OD 2 1e-8 1e-8 1 1 0.5 32000
0.05 0.517857142857143 SA 2 1e-8 1e-8 0.05 0.09 0.25 32000
0.05 0.517857142857143 OD 2 1e-8 1e-8 0.05 0.1 0.5 32000
0.05 0.517241379310345 AP 2 1e-8 1e-8 0.1 0.1 0.5 32000
0.05 0.516666666666667 OD 2 1e-8 1e-8 0.02 0.1 0.5 32000
0.05 0.515625 OD 2 1e-8 1e-8 0.1 1 0.5 32000
0.05 0.515625 AP 2 1e-8 1e-8 1 1 0.5 16000
0.05 0.515151515151515 SA 2 1e-8 1e-8 0.1 0.1 0.5 32000
0.05 0.509803921568627 =2 1e-8 1e-8 0.01 0.01 0.25 32000 NA
0.05 0.508474576271186 OD 2 1e-8 1e-8 0.5 0.2 0.5 32000
0.05 0.507936507936508 OD 2 1e-8 1e-8 0.05 0.02 0.5 32000
0.05 0.4 SA 2 1e-8 1e-8 0.1 0.1 0.5 16000
0.05 0.4 OD 2 1e-8 1e-8 0.01 0.1 0.5 16000
0.05 0.492753623188406 OD 2 1e-8 1e-8 0.1 0.05 0.5 32000
0.05 0.492063492063492 OD 2 1e-8 1e-8 0.1 0.09 0.5 32000
0.05 0.491803278688525 OD 2 1e-8 1e-8 1 0.9 0.5 32000
0.05 0.490909090909091 =2 1e-8 1e-8 0.09 0.1 0.25 32000 NA
0.05 0.48 SA 2 1e-8 1e-8 0.2 0.5 0.25 32000
0.05 0.489795918367347 OD 2 1e-8 1e-8 0.09 0.05 0.5 32000
0.05 0.482758620689655 OD 2 1e-8 1e-8 0.05 0.09 0.5 32000
0.05 0.479166666666667 OD 2 1e-8 1e-8 0.05 0.01 0.5 32000
0.05 0.476190476190476 SA 2 1e-8 1e-8 0.5 0.2 0.25 32000
0.05 0.476190476190476 OD 2 1e-8 1e-8 0.02 0.01 0.5 32000
0.05 0.472727272727273 OD 2 1e-8 1e-8 0.01 0.02 0.5 32000
0.05 0.467741935483871 AP 2 1e-8 1e-8 0.9 1 0.5 32000
0.05 0.462686567164179 OD 2 1e-8 1e-8 0.1 0.1 0.5 16000
0.05 0.461538461538462 SA 2 1e-8 1e-8 0.09 0.09 0.5 32000
0.05 0.461538461538462 OD 2 1e-8 1e-8 0.5 0.9 0.5 32000
0.05 0.459459459459459 OD 2 1e-8 1e-8 1 0.5 0.5 32000
0.05 0.457627118644068 OD 2 1e-8 1e-8 0.9 0.5 0.5 32000
0.05 0.457627118644068 OD 2 1e-8 1e-8 0.2 1 0.5 32000
0.05 0.446428571428571 AP 2 1e-8 1e-8 0.5 0.9 0.25 32000
0.05 0.440677966101695 OD 2 1e-8 1e-8 0.02 0.05 0.5 32000
0.05 0.415384615384615 AP 2 1e-8 1e-8 1 1 0.25 16000
0.05 0.412698412698413 OD 2 1e-8 1e-8 0.1 0.2 0.5 32000
0.05 0.412698412698413 =2 1e-8 1e-8 0.09 0.09 0.25 16000 NA
0.05 0.411764705882353 SA 2 1e-8 1e-8 0.1 0.05 0.25 32000
0.05 0.409090909090909 AP 2 1e-8 1e-8 0.9 0.5 0.25 32000
0.05 0.3 SA 2 1e-8 1e-8 0.09 0.09 0.5 16000
0.05 0.396825396825397 AP 2 1e-8 1e-8 0.9 0.9 0.25 16000
0.05 0.393939393939394 AP 2 1e-8 1e-8 0.2 0.5 0.25 32000
0.05 0.39344262295082 OD 2 1e-8 1e-8 1 0.9 0.5 16000
0.05 0.388059701492537 SA 2 1e-8 1e-8 0.9 1 0.25 16000
0.05 0.380952380952381 SA 2 1e-8 1e-8 0.5 0.2 0.25 16000
0.05 0.380281690140845 SA 2 1e-8 1e-8 1 0.9 0.5 16000
0.05 0.375 AP 2 1e-8 1e-8 1 0.9 0.25 16000
0.05 0.373134328358209 AP 2 1e-8 1e-8 0.9 1 0.25 16000
0.05 0.367647058823529 SA 2 1e-8 1e-8 0.1 0.2 0.25 16000
0.05 0.366666666666667 SA 2 1e-8 1e-8 0.1 0.1 0.25 16000
0.05 0.366666666666667 =2 1e-8 1e-8 0.05 0.09 0.25 16000 NA
0.05 0.365079365079365 OD 2 1e-8 1e-8 0.1 0.09 0.5 16000
0.05 0.35 SA 2 1e-8 1e-8 0.9 0.9 0.5 16000
0.05 0.35 OD 2 1e-8 1e-8 0.09 0.09 0.5 16000
0.05 0.35 OD 2 1e-8 1e-8 0.02 0.1 0.5 16000
0.05 0.359375 SA 2 1e-8 1e-8 0.5 0.5 0.5 16000
0.05 0.359375 OD 2 1e-8 1e-8 0.5 0.1 0.5 16000
0.05 0.358208955223881 SA 2 1e-8 1e-8 0.9 1 0.5 16000
0.05 0.355932203389831 SA 2 1e-8 1e-8 0.09 0.05 0.25 16000
0.05 0.355932203389831 SA 2 1e-8 1e-8 0.05 0.09 0.25 16000
0.05 0.354838709677419 SA 2 1e-8 1e-8 1 0.9 0.25 16000
0.05 0.354838709677419 OD 2 1e-8 1e-8 0.05 0.05 0.5 16000
0.05 0.349206349206349 SA 2 1e-8 1e-8 0.5 0.5 0.25 16000
0.05 0.348484848484849 AP 2 1e-8 1e-8 0.1 0.2 0.25 16000
0.05 0.34375 OD 2 1e-8 1e-8 0.9 0.9 0.5 16000
0.05 0.339285714285714 SA 2 1e-8 1e-8 0.05 0.05 0.25 16000
0.05 0.338709677419355 OD 2 1e-8 1e-8 0.09 0.1 0.5 16000
0.05 0.338235294117647 AP 2 1e-8 1e-8 0.2 0.2 0.25 16000
0.05 0.333333333333333 SA 2 1e-8 1e-8 1 1 0.5 16000
0.05 0.333333333333333 SA 2 1e-8 1e-8 0.9 0.5 0.5 16000
0.05 0.333333333333333 OD 2 1e-8 1e-8 0.09 0.01 0.5 16000
0.05 0.333333333333333 OD 2 1e-8 1e-8 0.01 0.09 0.5 16000
0.05 0.328571428571429 OD 2 1e-8 1e-8 0.9 1 0.5 16000
0.05 0.328358208955224 =2 1e-8 1e-8 0.05 0.05 0.25 16000 NA
0.05 0.325 SA 2 1e-8 1e-8 0.1 0.1 0.5 16000
0.05 0.32258064516129 SA 2 1e-8 1e-8 0.5 1 0.25 16000
0.05 0.32258064516129 AP 2 1e-8 1e-8 0.1 0.1 0.5 16000
0.05 0.311475409836066 OD 2 1e-8 1e-8 0.02 0.09 0.5 16000
0.05 0.309090909090909 OD 2 1e-8 1e-8 0.1 0.9 0.5 16000
0.05 0.306451612903226 OD 2 1e-8 1e-8 0.1 0.1 0.5 16000
0.05 0.304347826086957 OD 2 1e-8 1e-8 0.1 0.05 0.5 16000
0.05 0.303030303030303 SA 2 1e-8 1e-8 0.2 0.2 0.25 16000
0.05 0.301587301587302 OD 2 1e-8 1e-8 0.1 0.2 0.5 16000
0.05 0.301587301587302 OD 2 1e-8 1e-8 0.1 0.02 0.5 16000
0.05 0.301587301587302 =2 1e-8 1e-8 0.1 0.09 0.25 16000 NA
0.05 0.2 SA 2 1e-8 1e-8 0.2 0.5 0.25 16000
0.05 0.2 OD 2 1e-8 1e-8 0.9 0.1 0.5 16000
0.05 0.297872340425532 SA 2 1e-8 1e-8 0.02 0.02 0.25 16000
0.05 0.296875 SA 2 1e-8 1e-8 0.1 0.09 0.25 16000
0.05 0.295774647887324 OD 2 1e-8 1e-8 0.2 0.2 0.5 16000
0.05 0.290909090909091 =2 1e-8 1e-8 0.01 0.01 0.25 16000 NA
0.05 0.290322580645161 AP 2 1e-8 1e-8 0.1 0.1 0.25 16000
0.05 0.289855072463768 OD 2 1e-8 1e-8 1 1 0.5 16000
0.05 0.287878787878788 OD 2 1e-8 1e-8 0.01 0.01 0.5 16000
0.05 0.283783783783784 OD 2 1e-8 1e-8 1 0.5 0.5 16000
0.05 0.283333333333333 AP 2 1e-8 1e-8 0.9 0.9 0.5 16000
0.05 0.283333333333333 =2 1e-8 1e-8 0.05 0.1 0.25 16000 NA
0.05 0.28125 OD 2 1e-8 1e-8 0.2 0.5 0.5 16000
0.05 0.280701754385965 SA 2 1e-8 1e-8 0.2 0.2 0.5 16000
0.05 0.279411764705882 =2 1e-8 1e-8 0.02 0.02 0.25 16000 NA
0.05 0.278688524590164 SA 2 1e-8 1e-8 0.5 0.9 0.25 16000
0.05 0.278688524590164 OD 2 1e-8 1e-8 0.5 0.5 0.5 16000
0.05 0.278688524590164 OD 2 1e-8 1e-8 0.1 0.5 0.5 16000
0.05 0.276923076923077 AP 2 1e-8 1e-8 0.5 0.5 0.25 16000
0.05 0.271186440677966 OD 2 1e-8 1e-8 0.2 1 0.5 16000
0.05 0.27027027027027 SA 2 1e-8 1e-8 0.01 0.01 0.25 16000
0.05 0.26984126984127 SA 2 1e-8 1e-8 1 0.5 0.25 16000
0.05 0.26984126984127 OD 2 1e-8 1e-8 0.2 0.9 0.5 16000
0.05 0.26865671641791 SA 2 1e-8 1e-8 1 1 0.25 16000
0.05 0.26865671641791 =2 1e-8 1e-8 0.1 0.05 0.25 16000 NA
0.05 0.267857142857143 SA 2 1e-8 1e-8 0.9 0.9 0.25 16000
0.05 0.267857142857143 OD 2 1e-8 1e-8 0.5 1 0.5 16000
0.05 0.267605633802817 SA 2 1e-8 1e-8 0.1 0.1 0.25 16000
0.05 0.265625 OD 2 1e-8 1e-8 1 0.1 0.5 16000
0.05 0.264150943396226 OD 2 1e-8 1e-8 0.2 0.1 0.5 16000
0.05 0.263157894736842 AP 2 1e-8 1e-8 0.5 0.5 0.5 16000
0.05 0.262295081967213 AP 2 1e-8 1e-8 0.2 0.2 0.5 16000
0.05 0.26027397260274 OD 2 1e-8 1e-8 1 0.2 0.5 16000
0.05 0.25 SA 2 1e-8 1e-8 0.1 0.05 0.25 16000
0.05 0.25 OD 2 1e-8 1e-8 0.9 0.2 0.5 16000
0.05 0.25 AP 2 1e-8 1e-8 0.5 0.9 0.25 16000
0.05 0.258064516129032 =2 1e-8 1e-8 0.1 0.1 0.25 16000 NA
0.05 0.257142857142857 SA 2 1e-8 1e-8 0.05 0.1 0.25 16000
0.05 0.256756756756757 SA 2 1e-8 1e-8 0.2 0.1 0.25 16000
0.05 0.254237288135593 OD 2 1e-8 1e-8 0.9 0.5 0.5 16000
0.05 0.25 =2 1e-8 1e-8 0.09 0.05 0.25 16000 NA
0.05 0.244897959183673 OD 2 1e-8 1e-8 0.09 0.05 0.5 16000
0.05 0.242857142857143 SA 2 1e-8 1e-8 0.09 0.09 0.25 16000
0.05 0.242424242424242 AP 2 1e-8 1e-8 0.9 0.5 0.25 16000
0.05 0.241379310344828 OD 2 1e-8 1e-8 0.05 0.09 0.5 16000
0.05 0.238805970149254 AP 2 1e-8 1e-8 0.2 0.1 0.25 16000
0.05 0.23728813559322 OD 2 1e-8 1e-8 0.5 0.2 0.5 16000
0.05 0.236363636363636 =2 1e-8 1e-8 0.09 0.1 0.25 16000 NA
0.05 0.234375 SA 2 1e-8 1e-8 0.09 0.1 0.25 16000
0.05 0.230769230769231 OD 2 1e-8 1e-8 0.02 0.02 0.5 16000
0.05 0.227272727272727 AP 2 1e-8 1e-8 0.2 0.5 0.25 16000
0.05 0.226415094339623 AP 2 1e-8 1e-8 0.5 1 0.25 16000
0.05 0.225806451612903 AP 2 1e-8 1e-8 0.9 1 0.5 16000
0.05 0.225806451612903 =2 1e-8 1e-8 0.1 0.1 0.5 16000 NA
0.05 0.223880597014925 OD 2 1e-8 1e-8 0.09 0.02 0.5 16000
0.05 0.222222222222222 OD 2 1e-8 1e-8 0.05 0.02 0.5 16000
0.05 0.222222222222222 OD 2 1e-8 1e-8 0.01 0.05 0.5 16000
0.05 0.220338983050847 OD 2 1e-8 1e-8 0.02 0.05 0.5 16000
0.05 0 =2 1e-8 1e-8 0.02 0.01 0.25 16000 NA
0.05 0.206896551724138 =2 1e-8 1e-8 0.09 0.09 0.5 16000 NA
0.05 0.203125 OD 2 1e-8 1e-8 0.1 1 0.5 16000
0.05 0.196078431372549 OD 2 1e-8 1e-8 0.05 0.01 0.5 16000
0.05 0.19047619047619 AP 2 1e-8 1e-8 0.5 0.2 0.25 16000
0.05 0.184615384615385 OD 2 1e-8 1e-8 0.5 0.9 0.5 16000
0.05 0.181818181818182 AP 2 1e-8 1e-8 1 0.9 0.5 16000
0.05 0.178571428571429 OD 2 1e-8 1e-8 0.05 0.1 0.5 16000
0.05 0.169491525423729 AP 2 1e-8 1e-8 1 0.5 0.25 16000
0.05 0.145454545454545 OD 2 1e-8 1e-8 0.01 0.02 0.5 16000
0.05 0.127272727272727 SA 2 1e-8 1e-8 0.9 0.5 0.25 16000
0.05 0.126984126984127 OD 2 1e-8 1e-8 0.02 0.01 0.5 16000
0.05 0.08 neutral 2 1e-8 1e-8 0 0 0.5 160000
0.05 0.05 neutral 2 1e-8 1e-8 0 0 0.5 16000
0.05 0.04 neutral 2 1e-8 1e-8 0 0 0.5 320000
0.05 0.01 neutral 2 1e-8 1e-8 0 0 0.5 32000
0.01 NaN SA 2 1e-8 1e-8 1 0.5 0.5 320000
0.01 NaN SA 2 1e-8 1e-8 1 0.5 0.5 32000
0.01 NaN SA 2 1e-8 1e-8 1 0.5 0.5 160000
0.01 NaN SA 2 1e-8 1e-8 1 0.5 0.5 16000
0.01 NaN SA 2 1e-8 1e-8 1 0.2 0.5 320000
0.01 NaN SA 2 1e-8 1e-8 1 0.2 0.5 32000
0.01 NaN SA 2 1e-8 1e-8 1 0.2 0.5 160000
0.01 NaN SA 2 1e-8 1e-8 1 0.2 0.5 16000
0.01 NaN SA 2 1e-8 1e-8 1 0.2 0.25 320000
0.01 NaN SA 2 1e-8 1e-8 1 0.2 0.25 32000
0.01 NaN SA 2 1e-8 1e-8 1 0.2 0.25 160000
0.01 NaN SA 2 1e-8 1e-8 1 0.2 0.25 16000
0.01 NaN SA 2 1e-8 1e-8 1 0.1 0.5 320000
0.01 NaN SA 2 1e-8 1e-8 1 0.1 0.5 32000
0.01 NaN SA 2 1e-8 1e-8 1 0.1 0.5 160000
0.01 NaN SA 2 1e-8 1e-8 1 0.1 0.5 16000
0.01 NaN SA 2 1e-8 1e-8 1 0.1 0.25 320000
0.01 NaN SA 2 1e-8 1e-8 1 0.1 0.25 32000
0.01 NaN SA 2 1e-8 1e-8 1 0.1 0.25 160000
0.01 NaN SA 2 1e-8 1e-8 1 0.1 0.25 16000
0.01 NaN SA 2 1e-8 1e-8 0.9 0.5 0.5 320000
0.01 NaN SA 2 1e-8 1e-8 0.9 0.5 0.5 32000
0.01 NaN SA 2 1e-8 1e-8 0.9 0.5 0.5 160000
0.01 NaN SA 2 1e-8 1e-8 0.9 0.2 0.5 320000
0.01 NaN SA 2 1e-8 1e-8 0.9 0.2 0.5 32000
0.01 NaN SA 2 1e-8 1e-8 0.9 0.2 0.5 160000
0.01 NaN SA 2 1e-8 1e-8 0.9 0.2 0.5 16000
0.01 NaN SA 2 1e-8 1e-8 0.9 0.2 0.25 320000
0.01 NaN SA 2 1e-8 1e-8 0.9 0.2 0.25 32000
0.01 NaN SA 2 1e-8 1e-8 0.9 0.2 0.25 160000
0.01 NaN SA 2 1e-8 1e-8 0.9 0.2 0.25 16000
0.01 NaN SA 2 1e-8 1e-8 0.9 0.1 0.5 320000
0.01 NaN SA 2 1e-8 1e-8 0.9 0.1 0.5 32000
0.01 NaN SA 2 1e-8 1e-8 0.9 0.1 0.5 160000
0.01 NaN SA 2 1e-8 1e-8 0.9 0.1 0.5 16000
0.01 NaN SA 2 1e-8 1e-8 0.9 0.1 0.25 320000
0.01 NaN SA 2 1e-8 1e-8 0.9 0.1 0.25 32000
0.01 NaN SA 2 1e-8 1e-8 0.9 0.1 0.25 160000
0.01 NaN SA 2 1e-8 1e-8 0.9 0.1 0.25 16000
0.01 NaN SA 2 1e-8 1e-8 0.5 1 0.5 320000
0.01 NaN SA 2 1e-8 1e-8 0.5 1 0.5 32000
0.01 NaN SA 2 1e-8 1e-8 0.5 1 0.5 160000
0.01 NaN SA 2 1e-8 1e-8 0.5 1 0.5 16000
0.01 NaN SA 2 1e-8 1e-8 0.5 0.9 0.5 320000
0.01 NaN SA 2 1e-8 1e-8 0.5 0.9 0.5 32000
0.01 NaN SA 2 1e-8 1e-8 0.5 0.9 0.5 160000
0.01 NaN SA 2 1e-8 1e-8 0.5 0.2 0.5 320000
0.01 NaN SA 2 1e-8 1e-8 0.5 0.2 0.5 32000
0.01 NaN SA 2 1e-8 1e-8 0.5 0.2 0.5 160000
0.01 NaN SA 2 1e-8 1e-8 0.5 0.2 0.5 16000
0.01 NaN SA 2 1e-8 1e-8 0.5 0.1 0.5 320000
0.01 NaN SA 2 1e-8 1e-8 0.5 0.1 0.5 32000
0.01 NaN SA 2 1e-8 1e-8 0.5 0.1 0.5 160000
0.01 NaN SA 2 1e-8 1e-8 0.5 0.1 0.5 16000
0.01 NaN SA 2 1e-8 1e-8 0.5 0.1 0.25 320000
0.01 NaN SA 2 1e-8 1e-8 0.5 0.1 0.25 32000
0.01 NaN SA 2 1e-8 1e-8 0.5 0.1 0.25 160000
0.01 NaN SA 2 1e-8 1e-8 0.5 0.1 0.25 16000
0.01 NaN SA 2 1e-8 1e-8 0.2 1 0.5 320000
0.01 NaN SA 2 1e-8 1e-8 0.2 1 0.5 32000
0.01 NaN SA 2 1e-8 1e-8 0.2 1 0.5 160000
0.01 NaN SA 2 1e-8 1e-8 0.2 1 0.5 16000
0.01 NaN SA 2 1e-8 1e-8 0.2 1 0.25 320000
0.01 NaN SA 2 1e-8 1e-8 0.2 1 0.25 32000
0.01 NaN SA 2 1e-8 1e-8 0.2 1 0.25 160000
0.01 NaN SA 2 1e-8 1e-8 0.2 1 0.25 16000
0.01 NaN SA 2 1e-8 1e-8 0.2 0.9 0.5 320000
0.01 NaN SA 2 1e-8 1e-8 0.2 0.9 0.5 32000
0.01 NaN SA 2 1e-8 1e-8 0.2 0.9 0.5 160000
0.01 NaN SA 2 1e-8 1e-8 0.2 0.9 0.5 16000
0.01 NaN SA 2 1e-8 1e-8 0.2 0.9 0.25 320000
0.01 NaN SA 2 1e-8 1e-8 0.2 0.9 0.25 32000
0.01 NaN SA 2 1e-8 1e-8 0.2 0.9 0.25 160000
0.01 NaN SA 2 1e-8 1e-8 0.2 0.9 0.25 16000
0.01 NaN SA 2 1e-8 1e-8 0.2 0.5 0.5 320000
0.01 NaN SA 2 1e-8 1e-8 0.2 0.5 0.5 32000
0.01 NaN SA 2 1e-8 1e-8 0.2 0.5 0.5 160000
0.01 NaN SA 2 1e-8 1e-8 0.2 0.5 0.5 16000
0.01 NaN SA 2 1e-8 1e-8 0.2 0.1 0.5 320000
0.01 NaN SA 2 1e-8 1e-8 0.2 0.1 0.5 32000
0.01 NaN SA 2 1e-8 1e-8 0.2 0.1 0.5 160000
0.01 NaN SA 2 1e-8 1e-8 0.2 0.1 0.5 16000
0.01 NaN SA 2 1e-8 1e-8 0.1 1 0.5 320000
0.01 NaN SA 2 1e-8 1e-8 0.1 1 0.5 32000
0.01 NaN SA 2 1e-8 1e-8 0.1 1 0.5 160000
0.01 NaN SA 2 1e-8 1e-8 0.1 1 0.5 16000
0.01 NaN SA 2 1e-8 1e-8 0.1 1 0.25 320000
0.01 NaN SA 2 1e-8 1e-8 0.1 1 0.25 32000
0.01 NaN SA 2 1e-8 1e-8 0.1 1 0.25 160000
0.01 NaN SA 2 1e-8 1e-8 0.1 1 0.25 16000
0.01 NaN SA 2 1e-8 1e-8 0.1 0.9 0.5 320000
0.01 NaN SA 2 1e-8 1e-8 0.1 0.9 0.5 32000
0.01 NaN SA 2 1e-8 1e-8 0.1 0.9 0.5 160000
0.01 NaN SA 2 1e-8 1e-8 0.1 0.9 0.5 16000
0.01 NaN SA 2 1e-8 1e-8 0.1 0.9 0.25 320000
0.01 NaN SA 2 1e-8 1e-8 0.1 0.9 0.25 32000
0.01 NaN SA 2 1e-8 1e-8 0.1 0.9 0.25 160000
0.01 NaN SA 2 1e-8 1e-8 0.1 0.9 0.25 16000
0.01 NaN SA 2 1e-8 1e-8 0.1 0.5 0.5 320000
0.01 NaN SA 2 1e-8 1e-8 0.1 0.5 0.5 32000
0.01 NaN SA 2 1e-8 1e-8 0.1 0.5 0.5 160000
0.01 NaN SA 2 1e-8 1e-8 0.1 0.5 0.5 16000
0.01 NaN SA 2 1e-8 1e-8 0.1 0.5 0.25 320000
0.01 NaN SA 2 1e-8 1e-8 0.1 0.5 0.25 32000
0.01 NaN SA 2 1e-8 1e-8 0.1 0.5 0.25 160000
0.01 NaN SA 2 1e-8 1e-8 0.1 0.5 0.25 16000
0.01 NaN SA 2 1e-8 1e-8 0.1 0.2 0.5 320000
0.01 NaN SA 2 1e-8 1e-8 0.1 0.2 0.5 32000
0.01 NaN SA 2 1e-8 1e-8 0.1 0.2 0.5 160000
0.01 NaN SA 2 1e-8 1e-8 0.1 0.2 0.5 16000
0.01 NaN SA 2 1e-8 1e-8 0.1 0.1 0.5 320000
0.01 NaN SA 2 1e-8 1e-8 0.1 0.09 0.5 320000
0.01 NaN SA 2 1e-8 1e-8 0.1 0.09 0.5 32000
0.01 NaN SA 2 1e-8 1e-8 0.1 0.09 0.5 160000
0.01 NaN SA 2 1e-8 1e-8 0.1 0.09 0.5 16000
0.01 NaN SA 2 1e-8 1e-8 0.1 0.05 0.5 320000
0.01 NaN SA 2 1e-8 1e-8 0.1 0.05 0.5 32000
0.01 NaN SA 2 1e-8 1e-8 0.1 0.05 0.5 160000
0.01 NaN SA 2 1e-8 1e-8 0.1 0.05 0.5 16000
0.01 NaN SA 2 1e-8 1e-8 0.1 0.05 0.25 320000
0.01 NaN SA 2 1e-8 1e-8 0.1 0.05 0.25 160000
0.01 NaN SA 2 1e-8 1e-8 0.1 0.02 0.5 320000
0.01 NaN SA 2 1e-8 1e-8 0.1 0.02 0.5 32000
0.01 NaN SA 2 1e-8 1e-8 0.1 0.02 0.5 160000
0.01 NaN SA 2 1e-8 1e-8 0.1 0.02 0.5 16000
0.01 NaN SA 2 1e-8 1e-8 0.1 0.02 0.25 320000
0.01 NaN SA 2 1e-8 1e-8 0.1 0.02 0.25 32000
0.01 NaN SA 2 1e-8 1e-8 0.1 0.02 0.25 160000
0.01 NaN SA 2 1e-8 1e-8 0.1 0.02 0.25 16000
0.01 NaN SA 2 1e-8 1e-8 0.1 0.01 0.5 320000
0.01 NaN SA 2 1e-8 1e-8 0.1 0.01 0.5 32000
0.01 NaN SA 2 1e-8 1e-8 0.1 0.01 0.5 160000
0.01 NaN SA 2 1e-8 1e-8 0.1 0.01 0.5 16000
0.01 NaN SA 2 1e-8 1e-8 0.1 0.01 0.25 320000
0.01 NaN SA 2 1e-8 1e-8 0.1 0.01 0.25 32000
0.01 NaN SA 2 1e-8 1e-8 0.1 0.01 0.25 160000
0.01 NaN SA 2 1e-8 1e-8 0.1 0.01 0.25 16000
0.01 NaN SA 2 1e-8 1e-8 0.09 0.1 0.5 320000
0.01 NaN SA 2 1e-8 1e-8 0.09 0.1 0.5 32000
0.01 NaN SA 2 1e-8 1e-8 0.09 0.1 0.5 160000
0.01 NaN SA 2 1e-8 1e-8 0.09 0.1 0.5 16000
0.01 NaN SA 2 1e-8 1e-8 0.09 0.09 0.5 320000
0.01 NaN SA 2 1e-8 1e-8 0.09 0.05 0.5 320000
0.01 NaN SA 2 1e-8 1e-8 0.09 0.05 0.5 32000
0.01 NaN SA 2 1e-8 1e-8 0.09 0.05 0.5 160000
0.01 NaN SA 2 1e-8 1e-8 0.09 0.05 0.5 16000
0.01 NaN SA 2 1e-8 1e-8 0.09 0.02 0.5 320000
0.01 NaN SA 2 1e-8 1e-8 0.09 0.02 0.5 32000
0.01 NaN SA 2 1e-8 1e-8 0.09 0.02 0.5 160000
0.01 NaN SA 2 1e-8 1e-8 0.09 0.02 0.5 16000
0.01 NaN SA 2 1e-8 1e-8 0.09 0.02 0.25 320000
0.01 NaN SA 2 1e-8 1e-8 0.09 0.02 0.25 32000
0.01 NaN SA 2 1e-8 1e-8 0.09 0.02 0.25 160000
0.01 NaN SA 2 1e-8 1e-8 0.09 0.02 0.25 16000
0.01 NaN SA 2 1e-8 1e-8 0.09 0.01 0.5 320000
0.01 NaN SA 2 1e-8 1e-8 0.09 0.01 0.5 32000
0.01 NaN SA 2 1e-8 1e-8 0.09 0.01 0.5 160000
0.01 NaN SA 2 1e-8 1e-8 0.09 0.01 0.5 16000
0.01 NaN SA 2 1e-8 1e-8 0.09 0.01 0.25 320000
0.01 NaN SA 2 1e-8 1e-8 0.09 0.01 0.25 32000
0.01 NaN SA 2 1e-8 1e-8 0.09 0.01 0.25 160000
0.01 NaN SA 2 1e-8 1e-8 0.09 0.01 0.25 16000
0.01 NaN SA 2 1e-8 1e-8 0.05 0.1 0.5 320000
0.01 NaN SA 2 1e-8 1e-8 0.05 0.1 0.5 32000
0.01 NaN SA 2 1e-8 1e-8 0.05 0.1 0.5 160000
0.01 NaN SA 2 1e-8 1e-8 0.05 0.1 0.5 16000
0.01 NaN SA 2 1e-8 1e-8 0.05 0.1 0.25 320000
0.01 NaN SA 2 1e-8 1e-8 0.05 0.09 0.5 320000
0.01 NaN SA 2 1e-8 1e-8 0.05 0.09 0.5 32000
0.01 NaN SA 2 1e-8 1e-8 0.05 0.09 0.5 160000
0.01 NaN SA 2 1e-8 1e-8 0.05 0.09 0.5 16000
0.01 NaN SA 2 1e-8 1e-8 0.05 0.05 0.5 320000
0.01 NaN SA 2 1e-8 1e-8 0.05 0.05 0.5 32000
0.01 NaN SA 2 1e-8 1e-8 0.05 0.05 0.5 160000
0.01 NaN SA 2 1e-8 1e-8 0.05 0.02 0.5 320000
0.01 NaN SA 2 1e-8 1e-8 0.05 0.02 0.5 32000
0.01 NaN SA 2 1e-8 1e-8 0.05 0.02 0.5 160000
0.01 NaN SA 2 1e-8 1e-8 0.05 0.02 0.5 16000
0.01 NaN SA 2 1e-8 1e-8 0.05 0.02 0.25 320000
0.01 NaN SA 2 1e-8 1e-8 0.05 0.02 0.25 32000
0.01 NaN SA 2 1e-8 1e-8 0.05 0.02 0.25 160000
0.01 NaN SA 2 1e-8 1e-8 0.05 0.02 0.25 16000
0.01 NaN SA 2 1e-8 1e-8 0.05 0.01 0.5 320000
0.01 NaN SA 2 1e-8 1e-8 0.05 0.01 0.5 32000
0.01 NaN SA 2 1e-8 1e-8 0.05 0.01 0.5 160000
0.01 NaN SA 2 1e-8 1e-8 0.05 0.01 0.5 16000
0.01 NaN SA 2 1e-8 1e-8 0.05 0.01 0.25 320000
0.01 NaN SA 2 1e-8 1e-8 0.05 0.01 0.25 32000
0.01 NaN SA 2 1e-8 1e-8 0.05 0.01 0.25 160000
0.01 NaN SA 2 1e-8 1e-8 0.05 0.01 0.25 16000
0.01 NaN SA 2 1e-8 1e-8 0.02 0.1 0.5 320000
0.01 NaN SA 2 1e-8 1e-8 0.02 0.1 0.5 32000
0.01 NaN SA 2 1e-8 1e-8 0.02 0.1 0.5 160000
0.01 NaN SA 2 1e-8 1e-8 0.02 0.1 0.5 16000
0.01 NaN SA 2 1e-8 1e-8 0.02 0.1 0.25 320000
0.01 NaN SA 2 1e-8 1e-8 0.02 0.1 0.25 32000
0.01 NaN SA 2 1e-8 1e-8 0.02 0.1 0.25 160000
0.01 NaN SA 2 1e-8 1e-8 0.02 0.1 0.25 16000
0.01 NaN SA 2 1e-8 1e-8 0.02 0.09 0.5 320000
0.01 NaN SA 2 1e-8 1e-8 0.02 0.09 0.5 32000
0.01 NaN SA 2 1e-8 1e-8 0.02 0.09 0.5 160000
0.01 NaN SA 2 1e-8 1e-8 0.02 0.09 0.5 16000
0.01 NaN SA 2 1e-8 1e-8 0.02 0.09 0.25 320000
0.01 NaN SA 2 1e-8 1e-8 0.02 0.09 0.25 32000
0.01 NaN SA 2 1e-8 1e-8 0.02 0.09 0.25 160000
0.01 NaN SA 2 1e-8 1e-8 0.02 0.09 0.25 16000
0.01 NaN SA 2 1e-8 1e-8 0.02 0.05 0.5 320000
0.01 NaN SA 2 1e-8 1e-8 0.02 0.05 0.5 32000
0.01 NaN SA 2 1e-8 1e-8 0.02 0.05 0.5 160000
0.01 NaN SA 2 1e-8 1e-8 0.02 0.05 0.5 16000
0.01 NaN SA 2 1e-8 1e-8 0.02 0.05 0.25 320000
0.01 NaN SA 2 1e-8 1e-8 0.02 0.05 0.25 32000
0.01 NaN SA 2 1e-8 1e-8 0.02 0.05 0.25 160000
0.01 NaN SA 2 1e-8 1e-8 0.02 0.05 0.25 16000
0.01 NaN SA 2 1e-8 1e-8 0.02 0.02 0.5 320000
0.01 NaN SA 2 1e-8 1e-8 0.02 0.02 0.5 32000
0.01 NaN SA 2 1e-8 1e-8 0.02 0.02 0.5 160000
0.01 NaN SA 2 1e-8 1e-8 0.02 0.02 0.5 16000
0.01 NaN SA 2 1e-8 1e-8 0.02 0.01 0.5 320000
0.01 NaN SA 2 1e-8 1e-8 0.02 0.01 0.5 32000
0.01 NaN SA 2 1e-8 1e-8 0.02 0.01 0.5 160000
0.01 NaN SA 2 1e-8 1e-8 0.02 0.01 0.5 16000
0.01 NaN SA 2 1e-8 1e-8 0.02 0.01 0.25 320000
0.01 NaN SA 2 1e-8 1e-8 0.02 0.01 0.25 32000
0.01 NaN SA 2 1e-8 1e-8 0.02 0.01 0.25 160000
0.01 NaN SA 2 1e-8 1e-8 0.01 0.1 0.5 320000
0.01 NaN SA 2 1e-8 1e-8 0.01 0.1 0.5 32000
0.01 NaN SA 2 1e-8 1e-8 0.01 0.1 0.5 160000
0.01 NaN SA 2 1e-8 1e-8 0.01 0.1 0.5 16000
0.01 NaN SA 2 1e-8 1e-8 0.01 0.1 0.25 320000
0.01 NaN SA 2 1e-8 1e-8 0.01 0.1 0.25 32000
0.01 NaN SA 2 1e-8 1e-8 0.01 0.1 0.25 160000
0.01 NaN SA 2 1e-8 1e-8 0.01 0.1 0.25 16000
0.01 NaN SA 2 1e-8 1e-8 0.01 0.09 0.5 320000
0.01 NaN SA 2 1e-8 1e-8 0.01 0.09 0.5 32000
0.01 NaN SA 2 1e-8 1e-8 0.01 0.09 0.5 160000
0.01 NaN SA 2 1e-8 1e-8 0.01 0.09 0.5 16000
0.01 NaN SA 2 1e-8 1e-8 0.01 0.09 0.25 320000
0.01 NaN SA 2 1e-8 1e-8 0.01 0.09 0.25 32000
0.01 NaN SA 2 1e-8 1e-8 0.01 0.09 0.25 160000
0.01 NaN SA 2 1e-8 1e-8 0.01 0.09 0.25 16000
0.01 NaN SA 2 1e-8 1e-8 0.01 0.05 0.5 320000
0.01 NaN SA 2 1e-8 1e-8 0.01 0.05 0.5 32000
0.01 NaN SA 2 1e-8 1e-8 0.01 0.05 0.5 160000
0.01 NaN SA 2 1e-8 1e-8 0.01 0.05 0.5 16000
0.01 NaN SA 2 1e-8 1e-8 0.01 0.05 0.25 320000
0.01 NaN SA 2 1e-8 1e-8 0.01 0.05 0.25 32000
0.01 NaN SA 2 1e-8 1e-8 0.01 0.05 0.25 160000
0.01 NaN SA 2 1e-8 1e-8 0.01 0.05 0.25 16000
0.01 NaN SA 2 1e-8 1e-8 0.01 0.02 0.5 320000
0.01 NaN SA 2 1e-8 1e-8 0.01 0.02 0.5 32000
0.01 NaN SA 2 1e-8 1e-8 0.01 0.02 0.5 160000
0.01 NaN SA 2 1e-8 1e-8 0.01 0.02 0.5 16000
0.01 NaN SA 2 1e-8 1e-8 0.01 0.02 0.25 320000
0.01 NaN SA 2 1e-8 1e-8 0.01 0.02 0.25 32000
0.01 NaN SA 2 1e-8 1e-8 0.01 0.02 0.25 160000
0.01 NaN SA 2 1e-8 1e-8 0.01 0.01 0.5 320000
0.01 NaN SA 2 1e-8 1e-8 0.01 0.01 0.5 32000
0.01 NaN SA 2 1e-8 1e-8 0.01 0.01 0.5 160000
0.01 NaN SA 2 1e-8 1e-8 0.01 0.01 0.5 16000
0.01 NaN OD 2 1e-8 1e-8 0.1 0.01 0.5 320000
0.01 NaN OD 2 1e-8 1e-8 0.1 0.01 0.5 32000
0.01 NaN OD 2 1e-8 1e-8 0.1 0.01 0.5 160000
0.01 NaN OD 2 1e-8 1e-8 0.09 0.01 0.5 320000
0.01 NaN OD 2 1e-8 1e-8 0.09 0.01 0.5 32000
0.01 NaN OD 2 1e-8 1e-8 0.09 0.01 0.5 160000
0.01 NaN OD 2 1e-8 1e-8 0.01 0.1 0.5 320000
0.01 NaN OD 2 1e-8 1e-8 0.01 0.1 0.5 32000
0.01 NaN OD 2 1e-8 1e-8 0.01 0.1 0.5 160000
0.01 NaN OD 2 1e-8 1e-8 0.01 0.09 0.5 320000
0.01 NaN OD 2 1e-8 1e-8 0.01 0.09 0.5 160000
0.01 NaN OD 2 1e-8 1e-8 0.01 0.05 0.5 320000
0.01 NaN AP 2 1e-8 1e-8 1 0.5 0.5 320000
0.01 NaN AP 2 1e-8 1e-8 1 0.5 0.5 32000
0.01 NaN AP 2 1e-8 1e-8 1 0.5 0.5 160000
0.01 NaN AP 2 1e-8 1e-8 1 0.5 0.5 16000
0.01 NaN AP 2 1e-8 1e-8 1 0.2 0.5 320000
0.01 NaN AP 2 1e-8 1e-8 1 0.2 0.5 32000
0.01 NaN AP 2 1e-8 1e-8 1 0.2 0.5 160000
0.01 NaN AP 2 1e-8 1e-8 1 0.2 0.5 16000
0.01 NaN AP 2 1e-8 1e-8 1 0.2 0.25 320000
0.01 NaN AP 2 1e-8 1e-8 1 0.2 0.25 32000
0.01 NaN AP 2 1e-8 1e-8 1 0.2 0.25 160000
0.01 NaN AP 2 1e-8 1e-8 1 0.2 0.25 16000
0.01 NaN AP 2 1e-8 1e-8 1 0.1 0.5 320000
0.01 NaN AP 2 1e-8 1e-8 1 0.1 0.5 32000
0.01 NaN AP 2 1e-8 1e-8 1 0.1 0.5 160000
0.01 NaN AP 2 1e-8 1e-8 1 0.1 0.5 16000
0.01 NaN AP 2 1e-8 1e-8 1 0.1 0.25 320000
0.01 NaN AP 2 1e-8 1e-8 1 0.1 0.25 32000
0.01 NaN AP 2 1e-8 1e-8 1 0.1 0.25 160000
0.01 NaN AP 2 1e-8 1e-8 1 0.1 0.25 16000
0.01 NaN AP 2 1e-8 1e-8 0.9 0.5 0.5 320000
0.01 NaN AP 2 1e-8 1e-8 0.9 0.5 0.5 32000
0.01 NaN AP 2 1e-8 1e-8 0.9 0.5 0.5 160000
0.01 NaN AP 2 1e-8 1e-8 0.9 0.5 0.5 16000
0.01 NaN AP 2 1e-8 1e-8 0.9 0.2 0.5 320000
0.01 NaN AP 2 1e-8 1e-8 0.9 0.2 0.5 32000
0.01 NaN AP 2 1e-8 1e-8 0.9 0.2 0.5 160000
0.01 NaN AP 2 1e-8 1e-8 0.9 0.2 0.5 16000
0.01 NaN AP 2 1e-8 1e-8 0.9 0.2 0.25 320000
0.01 NaN AP 2 1e-8 1e-8 0.9 0.2 0.25 32000
0.01 NaN AP 2 1e-8 1e-8 0.9 0.2 0.25 160000
0.01 NaN AP 2 1e-8 1e-8 0.9 0.2 0.25 16000
0.01 NaN AP 2 1e-8 1e-8 0.9 0.1 0.5 320000
0.01 NaN AP 2 1e-8 1e-8 0.9 0.1 0.5 32000
0.01 NaN AP 2 1e-8 1e-8 0.9 0.1 0.5 160000
0.01 NaN AP 2 1e-8 1e-8 0.9 0.1 0.5 16000
0.01 NaN AP 2 1e-8 1e-8 0.9 0.1 0.25 320000
0.01 NaN AP 2 1e-8 1e-8 0.9 0.1 0.25 32000
0.01 NaN AP 2 1e-8 1e-8 0.9 0.1 0.25 160000
0.01 NaN AP 2 1e-8 1e-8 0.9 0.1 0.25 16000
0.01 NaN AP 2 1e-8 1e-8 0.5 1 0.5 320000
0.01 NaN AP 2 1e-8 1e-8 0.5 1 0.5 32000
0.01 NaN AP 2 1e-8 1e-8 0.5 1 0.5 160000
0.01 NaN AP 2 1e-8 1e-8 0.5 1 0.5 16000
0.01 NaN AP 2 1e-8 1e-8 0.5 0.9 0.5 320000
0.01 NaN AP 2 1e-8 1e-8 0.5 0.9 0.5 32000
0.01 NaN AP 2 1e-8 1e-8 0.5 0.9 0.5 160000
0.01 NaN AP 2 1e-8 1e-8 0.5 0.9 0.5 16000
0.01 NaN AP 2 1e-8 1e-8 0.5 0.2 0.5 320000
0.01 NaN AP 2 1e-8 1e-8 0.5 0.2 0.5 32000
0.01 NaN AP 2 1e-8 1e-8 0.5 0.2 0.5 160000
0.01 NaN AP 2 1e-8 1e-8 0.5 0.2 0.5 16000
0.01 NaN AP 2 1e-8 1e-8 0.5 0.1 0.5 320000
0.01 NaN AP 2 1e-8 1e-8 0.5 0.1 0.5 32000
0.01 NaN AP 2 1e-8 1e-8 0.5 0.1 0.5 160000
0.01 NaN AP 2 1e-8 1e-8 0.5 0.1 0.5 16000
0.01 NaN AP 2 1e-8 1e-8 0.5 0.1 0.25 320000
0.01 NaN AP 2 1e-8 1e-8 0.5 0.1 0.25 32000
0.01 NaN AP 2 1e-8 1e-8 0.5 0.1 0.25 160000
0.01 NaN AP 2 1e-8 1e-8 0.5 0.1 0.25 16000
0.01 NaN AP 2 1e-8 1e-8 0.2 1 0.5 320000
0.01 NaN AP 2 1e-8 1e-8 0.2 1 0.5 32000
0.01 NaN AP 2 1e-8 1e-8 0.2 1 0.5 160000
0.01 NaN AP 2 1e-8 1e-8 0.2 1 0.5 16000
0.01 NaN AP 2 1e-8 1e-8 0.2 1 0.25 320000
0.01 NaN AP 2 1e-8 1e-8 0.2 1 0.25 32000
0.01 NaN AP 2 1e-8 1e-8 0.2 1 0.25 160000
0.01 NaN AP 2 1e-8 1e-8 0.2 1 0.25 16000
0.01 NaN AP 2 1e-8 1e-8 0.2 0.9 0.5 320000
0.01 NaN AP 2 1e-8 1e-8 0.2 0.9 0.5 32000
0.01 NaN AP 2 1e-8 1e-8 0.2 0.9 0.5 160000
0.01 NaN AP 2 1e-8 1e-8 0.2 0.9 0.5 16000
0.01 NaN AP 2 1e-8 1e-8 0.2 0.9 0.25 320000
0.01 NaN AP 2 1e-8 1e-8 0.2 0.9 0.25 32000
0.01 NaN AP 2 1e-8 1e-8 0.2 0.9 0.25 160000
0.01 NaN AP 2 1e-8 1e-8 0.2 0.9 0.25 16000
0.01 NaN AP 2 1e-8 1e-8 0.2 0.5 0.5 320000
0.01 NaN AP 2 1e-8 1e-8 0.2 0.5 0.5 32000
0.01 NaN AP 2 1e-8 1e-8 0.2 0.5 0.5 160000
0.01 NaN AP 2 1e-8 1e-8 0.2 0.5 0.5 16000
0.01 NaN AP 2 1e-8 1e-8 0.2 0.1 0.5 320000
0.01 NaN AP 2 1e-8 1e-8 0.2 0.1 0.5 32000
0.01 NaN AP 2 1e-8 1e-8 0.2 0.1 0.5 160000
0.01 NaN AP 2 1e-8 1e-8 0.2 0.1 0.5 16000
0.01 NaN AP 2 1e-8 1e-8 0.1 1 0.5 320000
0.01 NaN AP 2 1e-8 1e-8 0.1 1 0.5 32000
0.01 NaN AP 2 1e-8 1e-8 0.1 1 0.5 160000
0.01 NaN AP 2 1e-8 1e-8 0.1 1 0.5 16000
0.01 NaN AP 2 1e-8 1e-8 0.1 1 0.25 320000
0.01 NaN AP 2 1e-8 1e-8 0.1 1 0.25 32000
0.01 NaN AP 2 1e-8 1e-8 0.1 1 0.25 160000
0.01 NaN AP 2 1e-8 1e-8 0.1 1 0.25 16000
0.01 NaN AP 2 1e-8 1e-8 0.1 0.9 0.5 320000
0.01 NaN AP 2 1e-8 1e-8 0.1 0.9 0.5 32000
0.01 NaN AP 2 1e-8 1e-8 0.1 0.9 0.5 160000
0.01 NaN AP 2 1e-8 1e-8 0.1 0.9 0.5 16000
0.01 NaN AP 2 1e-8 1e-8 0.1 0.9 0.25 320000
0.01 NaN AP 2 1e-8 1e-8 0.1 0.9 0.25 32000
0.01 NaN AP 2 1e-8 1e-8 0.1 0.9 0.25 160000
0.01 NaN AP 2 1e-8 1e-8 0.1 0.9 0.25 16000
0.01 NaN AP 2 1e-8 1e-8 0.1 0.5 0.5 320000
0.01 NaN AP 2 1e-8 1e-8 0.1 0.5 0.5 32000
0.01 NaN AP 2 1e-8 1e-8 0.1 0.5 0.5 160000
0.01 NaN AP 2 1e-8 1e-8 0.1 0.5 0.5 16000
0.01 NaN AP 2 1e-8 1e-8 0.1 0.5 0.25 320000
0.01 NaN AP 2 1e-8 1e-8 0.1 0.5 0.25 32000
0.01 NaN AP 2 1e-8 1e-8 0.1 0.5 0.25 160000
0.01 NaN AP 2 1e-8 1e-8 0.1 0.5 0.25 16000
0.01 NaN AP 2 1e-8 1e-8 0.1 0.2 0.5 320000
0.01 NaN AP 2 1e-8 1e-8 0.1 0.2 0.5 32000
0.01 NaN AP 2 1e-8 1e-8 0.1 0.2 0.5 160000
0.01 NaN AP 2 1e-8 1e-8 0.1 0.2 0.5 16000
0.01 NaN AP 2 1e-8 1e-8 0.1 0.1 0.5 320000
0.01 NaN =2 1e-8 1e-8 0.1 0.09 0.5 32000 NA
0.01 NaN =2 1e-8 1e-8 0.1 0.09 0.5 320000 NA
0.01 NaN =2 1e-8 1e-8 0.1 0.09 0.5 16000 NA
0.01 NaN =2 1e-8 1e-8 0.1 0.09 0.5 160000 NA
0.01 NaN =2 1e-8 1e-8 0.1 0.05 0.5 32000 NA
0.01 NaN =2 1e-8 1e-8 0.1 0.05 0.5 320000 NA
0.01 NaN =2 1e-8 1e-8 0.1 0.05 0.5 16000 NA
0.01 NaN =2 1e-8 1e-8 0.1 0.05 0.5 160000 NA
0.01 NaN =2 1e-8 1e-8 0.1 0.02 0.5 32000 NA
0.01 NaN =2 1e-8 1e-8 0.1 0.02 0.5 320000 NA
0.01 NaN =2 1e-8 1e-8 0.1 0.02 0.5 16000 NA
0.01 NaN =2 1e-8 1e-8 0.1 0.02 0.5 160000 NA
0.01 NaN =2 1e-8 1e-8 0.1 0.02 0.25 32000 NA
0.01 NaN =2 1e-8 1e-8 0.1 0.02 0.25 320000 NA
0.01 NaN =2 1e-8 1e-8 0.1 0.02 0.25 16000 NA
0.01 NaN =2 1e-8 1e-8 0.1 0.02 0.25 160000 NA
0.01 NaN =2 1e-8 1e-8 0.1 0.01 0.5 32000 NA
0.01 NaN =2 1e-8 1e-8 0.1 0.01 0.5 320000 NA
0.01 NaN =2 1e-8 1e-8 0.1 0.01 0.5 16000 NA
0.01 NaN =2 1e-8 1e-8 0.1 0.01 0.5 160000 NA
0.01 NaN =2 1e-8 1e-8 0.1 0.01 0.25 32000 NA
0.01 NaN =2 1e-8 1e-8 0.1 0.01 0.25 320000 NA
0.01 NaN =2 1e-8 1e-8 0.1 0.01 0.25 16000 NA
0.01 NaN =2 1e-8 1e-8 0.1 0.01 0.25 160000 NA
0.01 NaN =2 1e-8 1e-8 0.09 0.1 0.5 32000 NA
0.01 NaN =2 1e-8 1e-8 0.09 0.1 0.5 320000 NA
0.01 NaN =2 1e-8 1e-8 0.09 0.1 0.5 16000 NA
0.01 NaN =2 1e-8 1e-8 0.09 0.1 0.5 160000 NA
0.01 NaN =2 1e-8 1e-8 0.09 0.09 0.5 320000 NA
0.01 NaN =2 1e-8 1e-8 0.09 0.09 0.5 160000 NA
0.01 NaN =2 1e-8 1e-8 0.09 0.05 0.5 32000 NA
0.01 NaN =2 1e-8 1e-8 0.09 0.05 0.5 320000 NA
0.01 NaN =2 1e-8 1e-8 0.09 0.05 0.5 16000 NA
0.01 NaN =2 1e-8 1e-8 0.09 0.05 0.5 160000 NA
0.01 NaN =2 1e-8 1e-8 0.09 0.02 0.5 32000 NA
0.01 NaN =2 1e-8 1e-8 0.09 0.02 0.5 320000 NA
0.01 NaN =2 1e-8 1e-8 0.09 0.02 0.5 16000 NA
0.01 NaN =2 1e-8 1e-8 0.09 0.02 0.5 160000 NA
0.01 NaN =2 1e-8 1e-8 0.09 0.02 0.25 32000 NA
0.01 NaN =2 1e-8 1e-8 0.09 0.02 0.25 320000 NA
0.01 NaN =2 1e-8 1e-8 0.09 0.02 0.25 16000 NA
0.01 NaN =2 1e-8 1e-8 0.09 0.02 0.25 160000 NA
0.01 NaN =2 1e-8 1e-8 0.09 0.01 0.5 32000 NA
0.01 NaN =2 1e-8 1e-8 0.09 0.01 0.5 320000 NA
0.01 NaN =2 1e-8 1e-8 0.09 0.01 0.5 16000 NA
0.01 NaN =2 1e-8 1e-8 0.09 0.01 0.5 160000 NA
0.01 NaN =2 1e-8 1e-8 0.09 0.01 0.25 32000 NA
0.01 NaN =2 1e-8 1e-8 0.09 0.01 0.25 320000 NA
0.01 NaN =2 1e-8 1e-8 0.09 0.01 0.25 16000 NA
0.01 NaN =2 1e-8 1e-8 0.09 0.01 0.25 160000 NA
0.01 NaN =2 1e-8 1e-8 0.05 0.1 0.5 32000 NA
0.01 NaN =2 1e-8 1e-8 0.05 0.1 0.5 320000 NA
0.01 NaN =2 1e-8 1e-8 0.05 0.1 0.5 16000 NA
0.01 NaN =2 1e-8 1e-8 0.05 0.1 0.5 160000 NA
0.01 NaN =2 1e-8 1e-8 0.05 0.09 0.5 32000 NA
0.01 NaN =2 1e-8 1e-8 0.05 0.09 0.5 320000 NA
0.01 NaN =2 1e-8 1e-8 0.05 0.09 0.5 16000 NA
0.01 NaN =2 1e-8 1e-8 0.05 0.09 0.5 160000 NA
0.01 NaN =2 1e-8 1e-8 0.05 0.05 0.5 32000 NA
0.01 NaN =2 1e-8 1e-8 0.05 0.05 0.5 320000 NA
0.01 NaN =2 1e-8 1e-8 0.05 0.05 0.5 160000 NA
0.01 NaN =2 1e-8 1e-8 0.05 0.02 0.5 32000 NA
0.01 NaN =2 1e-8 1e-8 0.05 0.02 0.5 320000 NA
0.01 NaN =2 1e-8 1e-8 0.05 0.02 0.5 16000 NA
0.01 NaN =2 1e-8 1e-8 0.05 0.02 0.5 160000 NA
0.01 NaN =2 1e-8 1e-8 0.05 0.02 0.25 32000 NA
0.01 NaN =2 1e-8 1e-8 0.05 0.02 0.25 320000 NA
0.01 NaN =2 1e-8 1e-8 0.05 0.02 0.25 16000 NA
0.01 NaN =2 1e-8 1e-8 0.05 0.02 0.25 160000 NA
0.01 NaN =2 1e-8 1e-8 0.05 0.01 0.5 32000 NA
0.01 NaN =2 1e-8 1e-8 0.05 0.01 0.5 320000 NA
0.01 NaN =2 1e-8 1e-8 0.05 0.01 0.5 16000 NA
0.01 NaN =2 1e-8 1e-8 0.05 0.01 0.5 160000 NA
0.01 NaN =2 1e-8 1e-8 0.05 0.01 0.25 32000 NA
0.01 NaN =2 1e-8 1e-8 0.05 0.01 0.25 320000 NA
0.01 NaN =2 1e-8 1e-8 0.05 0.01 0.25 16000 NA
0.01 NaN =2 1e-8 1e-8 0.05 0.01 0.25 160000 NA
0.01 NaN =2 1e-8 1e-8 0.02 0.1 0.5 32000 NA
0.01 NaN =2 1e-8 1e-8 0.02 0.1 0.5 320000 NA
0.01 NaN =2 1e-8 1e-8 0.02 0.1 0.5 16000 NA
0.01 NaN =2 1e-8 1e-8 0.02 0.1 0.5 160000 NA
0.01 NaN =2 1e-8 1e-8 0.02 0.1 0.25 32000 NA
0.01 NaN =2 1e-8 1e-8 0.02 0.1 0.25 320000 NA
0.01 NaN =2 1e-8 1e-8 0.02 0.1 0.25 16000 NA
0.01 NaN =2 1e-8 1e-8 0.02 0.1 0.25 160000 NA
0.01 NaN =2 1e-8 1e-8 0.02 0.09 0.5 32000 NA
0.01 NaN =2 1e-8 1e-8 0.02 0.09 0.5 320000 NA
0.01 NaN =2 1e-8 1e-8 0.02 0.09 0.5 16000 NA
0.01 NaN =2 1e-8 1e-8 0.02 0.09 0.5 160000 NA
0.01 NaN =2 1e-8 1e-8 0.02 0.09 0.25 32000 NA
0.01 NaN =2 1e-8 1e-8 0.02 0.09 0.25 320000 NA
0.01 NaN =2 1e-8 1e-8 0.02 0.09 0.25 16000 NA
0.01 NaN =2 1e-8 1e-8 0.02 0.09 0.25 160000 NA
0.01 NaN =2 1e-8 1e-8 0.02 0.05 0.5 32000 NA
0.01 NaN =2 1e-8 1e-8 0.02 0.05 0.5 320000 NA
0.01 NaN =2 1e-8 1e-8 0.02 0.05 0.5 16000 NA
0.01 NaN =2 1e-8 1e-8 0.02 0.05 0.5 160000 NA
0.01 NaN =2 1e-8 1e-8 0.02 0.05 0.25 32000 NA
0.01 NaN =2 1e-8 1e-8 0.02 0.05 0.25 320000 NA
0.01 NaN =2 1e-8 1e-8 0.02 0.05 0.25 16000 NA
0.01 NaN =2 1e-8 1e-8 0.02 0.05 0.25 160000 NA
0.01 NaN =2 1e-8 1e-8 0.02 0.02 0.5 32000 NA
0.01 NaN =2 1e-8 1e-8 0.02 0.02 0.5 320000 NA
0.01 NaN =2 1e-8 1e-8 0.02 0.02 0.5 160000 NA
0.01 NaN =2 1e-8 1e-8 0.02 0.01 0.5 32000 NA
0.01 NaN =2 1e-8 1e-8 0.02 0.01 0.5 320000 NA
0.01 NaN =2 1e-8 1e-8 0.02 0.01 0.5 16000 NA
0.01 NaN =2 1e-8 1e-8 0.02 0.01 0.5 160000 NA
0.01 NaN =2 1e-8 1e-8 0.02 0.01 0.25 32000 NA
0.01 NaN =2 1e-8 1e-8 0.02 0.01 0.25 320000 NA
0.01 NaN =2 1e-8 1e-8 0.02 0.01 0.25 160000 NA
0.01 NaN =2 1e-8 1e-8 0.01 0.1 0.5 32000 NA
0.01 NaN =2 1e-8 1e-8 0.01 0.1 0.5 320000 NA
0.01 NaN =2 1e-8 1e-8 0.01 0.1 0.5 16000 NA
0.01 NaN =2 1e-8 1e-8 0.01 0.1 0.5 160000 NA
0.01 NaN =2 1e-8 1e-8 0.01 0.1 0.25 32000 NA
0.01 NaN =2 1e-8 1e-8 0.01 0.1 0.25 320000 NA
0.01 NaN =2 1e-8 1e-8 0.01 0.1 0.25 16000 NA
0.01 NaN =2 1e-8 1e-8 0.01 0.1 0.25 160000 NA
0.01 NaN =2 1e-8 1e-8 0.01 0.09 0.5 32000 NA
0.01 NaN =2 1e-8 1e-8 0.01 0.09 0.5 320000 NA
0.01 NaN =2 1e-8 1e-8 0.01 0.09 0.5 16000 NA
0.01 NaN =2 1e-8 1e-8 0.01 0.09 0.5 160000 NA
0.01 NaN =2 1e-8 1e-8 0.01 0.09 0.25 32000 NA
0.01 NaN =2 1e-8 1e-8 0.01 0.09 0.25 320000 NA
0.01 NaN =2 1e-8 1e-8 0.01 0.09 0.25 16000 NA
0.01 NaN =2 1e-8 1e-8 0.01 0.09 0.25 160000 NA
0.01 NaN =2 1e-8 1e-8 0.01 0.05 0.5 32000 NA
0.01 NaN =2 1e-8 1e-8 0.01 0.05 0.5 320000 NA
0.01 NaN =2 1e-8 1e-8 0.01 0.05 0.5 16000 NA
0.01 NaN =2 1e-8 1e-8 0.01 0.05 0.5 160000 NA
0.01 NaN =2 1e-8 1e-8 0.01 0.05 0.25 32000 NA
0.01 NaN =2 1e-8 1e-8 0.01 0.05 0.25 320000 NA
0.01 NaN =2 1e-8 1e-8 0.01 0.05 0.25 16000 NA
0.01 NaN =2 1e-8 1e-8 0.01 0.05 0.25 160000 NA
0.01 NaN =2 1e-8 1e-8 0.01 0.02 0.5 32000 NA
0.01 NaN =2 1e-8 1e-8 0.01 0.02 0.5 320000 NA
0.01 NaN =2 1e-8 1e-8 0.01 0.02 0.5 16000 NA
0.01 NaN =2 1e-8 1e-8 0.01 0.02 0.5 160000 NA
0.01 NaN =2 1e-8 1e-8 0.01 0.02 0.25 32000 NA
0.01 NaN =2 1e-8 1e-8 0.01 0.02 0.25 320000 NA
0.01 NaN =2 1e-8 1e-8 0.01 0.02 0.25 16000 NA
0.01 NaN =2 1e-8 1e-8 0.01 0.02 0.25 160000 NA
0.01 NaN =2 1e-8 1e-8 0.01 0.01 0.5 32000 NA
0.01 NaN =2 1e-8 1e-8 0.01 0.01 0.5 320000 NA
0.01 NaN =2 1e-8 1e-8 0.01 0.01 0.5 16000 NA
0.01 NaN =2 1e-8 1e-8 0.01 0.01 0.5 160000 NA
0.01 1 SA 2 1e-8 1e-8 0.9 0.9 0.5 320000
0.01 1 SA 2 1e-8 1e-8 0.1 0.1 0.5 320000
0.01 1 SA 2 1e-8 1e-8 0.1 0.1 0.5 160000
0.01 1 SA 2 1e-8 1e-8 0.09 0.09 0.5 160000
0.01 1 SA 2 1e-8 1e-8 0.02 0.01 0.25 16000
0.01 1 SA 2 1e-8 1e-8 0.01 0.01 0.25 320000
0.01 1 OD 2 1e-8 1e-8 0.01 0.09 0.5 32000
0.01 1 =2 1e-8 1e-8 0.1 0.1 0.5 320000 NA
0.01 1 =2 1e-8 1e-8 0.1 0.1 0.5 160000 NA
0.01 1 =2 1e-8 1e-8 0.02 0.02 0.5 16000 NA
0.01 0 SA 2 1e-8 1e-8 0.9 0.5 0.5 16000
0.01 0 SA 2 1e-8 1e-8 0.5 0.9 0.5 16000
0.01 0 SA 2 1e-8 1e-8 0.05 0.1 0.25 160000
0.01 0 SA 2 1e-8 1e-8 0.05 0.05 0.5 16000
0.01 0 SA 2 1e-8 1e-8 0.01 0.02 0.25 16000
0.01 0 OD 2 1e-8 1e-8 0.1 0.01 0.5 16000
0.01 0 OD 2 1e-8 1e-8 0.09 0.01 0.5 16000
0.01 0 OD 2 1e-8 1e-8 0.01 0.1 0.5 16000
0.01 0 OD 2 1e-8 1e-8 0.01 0.09 0.5 16000
0.01 0 neutral 2 1e-8 1e-8 0 0 0.5 320000
0.01 0 neutral 2 1e-8 1e-8 0 0 0.5 32000
0.01 0 neutral 2 1e-8 1e-8 0 0 0.5 160000
0.01 0 neutral 2 1e-8 1e-8 0 0 0.5 16000
0.01 0 AP 2 1e-8 1e-8 1 0.5 0.25 16000
0.01 0.9 SA 2 1e-8 1e-8 0.1 0.1 0.25 320000
0.01 0.9 SA 2 1e-8 1e-8 0.09 0.09 0.25 160000
0.01 0.981132075471698 OD 2 1e-8 1e-8 0.2 0.1 0.5 320000
0.01 0.96969696969697 OD 2 1e-8 1e-8 0.01 0.01 0.5 320000
0.01 0.96875 SA 2 1e-8 1e-8 0.5 0.5 0.5 320000
0.01 0.96875 SA 2 1e-8 1e-8 0.09 0.1 0.25 320000
0.01 0.967741935483871 =2 1e-8 1e-8 0.1 0.1 0.25 320000 NA
0.01 0.964912280701754 SA 2 1e-8 1e-8 1 1 0.5 320000
0.01 0.964285714285714 OD 2 1e-8 1e-8 0.5 1 0.5 320000
0.01 0.963636363636364 OD 2 1e-8 1e-8 0.01 0.02 0.5 320000
0.01 0.95 OD 2 1e-8 1e-8 0.09 0.09 0.5 320000
0.01 0.95 AP 2 1e-8 1e-8 0.9 0.9 0.5 320000
0.01 0.956521739130435 =2 1e-8 1e-8 0.01 0.01 0.25 320000 NA
0.01 0.955223880597015 AP 2 1e-8 1e-8 0.2 0.1 0.25 320000
0.01 0.955223880597015 =2 1e-8 1e-8 0.05 0.05 0.25 320000 NA
0.01 0.954545454545455 SA 2 1e-8 1e-8 0.05 0.09 0.25 320000
0.01 0.952380952380952 OD 2 1e-8 1e-8 0.1 0.09 0.5 320000
0.01 0.952380952380952 OD 2 1e-8 1e-8 0.1 0.02 0.5 320000
0.01 0.952380952380952 =2 1e-8 1e-8 0.09 0.09 0.25 320000 NA
0.01 0.951612903225806 OD 2 1e-8 1e-8 0.05 0.05 0.5 320000
0.01 0.947368421052632 AP 2 1e-8 1e-8 0.5 0.5 0.5 320000
0.01 0.942857142857143 OD 2 1e-8 1e-8 0.9 1 0.5 320000
0.01 0.940298507462687 SA 2 1e-8 1e-8 0.9 1 0.5 320000
0.01 0.939393939393939 SA 2 1e-8 1e-8 0.2 0.2 0.25 320000
0.01 0.938461538461538 AP 2 1e-8 1e-8 0.2 0.5 0.25 320000
0.01 0.9375 SA 2 1e-8 1e-8 0.1 0.09 0.25 320000
0.01 0.9375 AP 2 1e-8 1e-8 1 1 0.5 320000
0.01 0.936507936507937 AP 2 1e-8 1e-8 0.9 0.9 0.25 320000
0.01 0.935483870967742 SA 2 1e-8 1e-8 0.5 1 0.25 320000
0.01 0.935483870967742 OD 2 1e-8 1e-8 0.1 0.1 0.5 320000
0.01 0.934426229508197 SA 2 1e-8 1e-8 0.5 0.9 0.25 320000
0.01 0.934426229508197 OD 2 1e-8 1e-8 0.5 0.5 0.5 320000
0.01 0.933333333333333 OD 2 1e-8 1e-8 0.02 0.1 0.5 320000
0.01 0.932203389830508 OD 2 1e-8 1e-8 0.2 1 0.5 320000
0.01 0.929824561403509 SA 2 1e-8 1e-8 1 1 0.5 160000
0.01 0.929824561403509 SA 2 1e-8 1e-8 0.2 0.2 0.5 320000
0.01 0.929577464788732 SA 2 1e-8 1e-8 0.1 0.1 0.25 320000
0.01 0.928571428571429 SA 2 1e-8 1e-8 0.05 0.05 0.25 320000
0.01 0.928571428571429 AP 2 1e-8 1e-8 1 0.9 0.25 320000
0.01 0.926470588235294 =2 1e-8 1e-8 0.02 0.02 0.25 320000 NA
0.01 0.924242424242424 OD 2 1e-8 1e-8 0.01 0.01 0.5 160000
0.01 0.923076923076923 AP 2 1e-8 1e-8 0.5 0.5 0.25 320000
0.01 0.921875 OD 2 1e-8 1e-8 0.5 0.1 0.5 320000
0.01 0.921875 OD 2 1e-8 1e-8 0.2 0.5 0.5 320000
0.01 0.921875 OD 2 1e-8 1e-8 0.1 1 0.5 320000
0.01 0.919354838709677 OD 2 1e-8 1e-8 0.09 0.1 0.5 320000
0.01 0.918918918918919 =2 1e-8 1e-8 0.1 0.05 0.25 320000 NA
0.01 0.918367346938776 OD 2 1e-8 1e-8 0.09 0.05 0.5 320000
0.01 0.918032786885246 OD 2 1e-8 1e-8 0.1 0.5 0.5 320000
0.01 0.916666666666667 SA 2 1e-8 1e-8 0.1 0.1 0.25 160000
0.01 0.915492957746479 SA 2 1e-8 1e-8 1 0.9 0.5 320000
0.01 0.915492957746479 OD 2 1e-8 1e-8 0.2 0.2 0.5 320000
0.01 0.91304347826087 SA 2 1e-8 1e-8 0.02 0.02 0.25 160000
0.01 0.91304347826087 =2 1e-8 1e-8 0.1 0.05 0.25 160000 NA
0.01 0.911764705882353 =2 1e-8 1e-8 0.09 0.05 0.25 320000 NA
0.01 0.91044776119403 SA 2 1e-8 1e-8 0.9 1 0.25 320000
0.01 0.91044776119403 SA 2 1e-8 1e-8 0.9 1 0.25 160000
0.01 0.91044776119403 OD 2 1e-8 1e-8 0.09 0.02 0.5 320000
0.01 0.909090909090909 OD 2 1e-8 1e-8 0.01 0.02 0.5 160000
0.01 0.905405405405405 SA 2 1e-8 1e-8 0.2 0.1 0.25 320000
0.01 0.904761904761905 SA 2 1e-8 1e-8 0.5 0.5 0.25 320000
0.01 0.904761904761905 SA 2 1e-8 1e-8 0.02 0.02 0.25 320000
0.01 0.904761904761905 =2 1e-8 1e-8 0.1 0.09 0.25 320000 NA
0.01 0.903225806451613 AP 2 1e-8 1e-8 0.1 0.1 0.25 320000
0.01 0.901639344262295 OD 2 1e-8 1e-8 0.02 0.09 0.5 160000
0.01 0.901639344262295 AP 2 1e-8 1e-8 0.2 0.2 0.5 320000
0.01 0.8 SA 2 1e-8 1e-8 0.2 0.5 0.25 160000
0.01 0.8 OD 2 1e-8 1e-8 0.5 0.9 0.5 160000
0.01 0.8 AP 2 1e-8 1e-8 0.5 0.2 0.25 320000
0.01 0.898550724637681 OD 2 1e-8 1e-8 0.1 0.05 0.5 320000
0.01 0.896551724137931 OD 2 1e-8 1e-8 0.05 0.09 0.5 320000
0.01 0.893939393939394 AP 2 1e-8 1e-8 0.1 0.2 0.25 320000
0.01 0.892857142857143 SA 2 1e-8 1e-8 0.9 0.9 0.25 320000
0.01 0.892307692307692 OD 2 1e-8 1e-8 0.02 0.02 0.5 320000
0.01 0.892307692307692 AP 2 1e-8 1e-8 1 1 0.25 320000
0.01 0.891891891891892 =2 1e-8 1e-8 0.05 0.1 0.25 320000 NA
0.01 0.890909090909091 SA 2 1e-8 1e-8 0.9 0.5 0.25 320000
0.01 0.890909090909091 SA 2 1e-8 1e-8 0.9 0.5 0.25 160000
0.01 0.890909090909091 OD 2 1e-8 1e-8 0.1 0.9 0.5 320000
0.01 0.890909090909091 =2 1e-8 1e-8 0.09 0.1 0.25 320000 NA
0.01 0.890909090909091 =2 1e-8 1e-8 0.09 0.1 0.25 160000 NA
0.01 0.890625 OD 2 1e-8 1e-8 1 0.1 0.5 320000
0.01 0.888888888888889 SA 2 1e-8 1e-8 1 0.5 0.25 320000
0.01 0.888888888888889 SA 2 1e-8 1e-8 0.1 0.1 0.5 160000
0.01 0.888888888888889 OD 2 1e-8 1e-8 0.1 0.2 0.5 320000
0.01 0.888888888888889 OD 2 1e-8 1e-8 0.01 0.05 0.5 160000
0.01 0.888888888888889 =2 1e-8 1e-8 0.09 0.09 0.25 160000 NA
0.01 0.887323943661972 SA 2 1e-8 1e-8 1 0.9 0.5 160000
0.01 0.885714285714286 SA 2 1e-8 1e-8 0.09 0.09 0.25 320000
0.01 0.885245901639344 OD 2 1e-8 1e-8 1 0.9 0.5 320000
0.01 0.883333333333333 OD 2 1e-8 1e-8 0.9 0.2 0.5 320000
0.01 0.882352941176471 AP 2 1e-8 1e-8 0.2 0.2 0.25 320000
0.01 0.882352941176471 =2 1e-8 1e-8 0.02 0.02 0.25 160000 NA
0.01 0.88135593220339 OD 2 1e-8 1e-8 0.9 0.5 0.5 320000
0.01 0.88135593220339 OD 2 1e-8 1e-8 0.02 0.05 0.5 320000
0.01 0.880597014925373 SA 2 1e-8 1e-8 1 1 0.25 320000
0.01 0.880597014925373 SA 2 1e-8 1e-8 1 1 0.25 160000
0.01 0.880597014925373 SA 2 1e-8 1e-8 0.1 0.2 0.25 160000
0.01 0.880597014925373 OD 2 1e-8 1e-8 0.1 0.1 0.5 320000
0.01 0.877551020408163 OD 2 1e-8 1e-8 0.09 0.05 0.5 160000
0.01 0.873015873015873 SA 2 1e-8 1e-8 0.5 0.2 0.25 320000
0.01 0.873015873015873 OD 2 1e-8 1e-8 0.05 0.02 0.5 320000
0.01 0.873015873015873 OD 2 1e-8 1e-8 0.05 0.02 0.5 160000
0.01 0.872727272727273 OD 2 1e-8 1e-8 0.9 0.1 0.5 320000
0.01 0.870967741935484 SA 2 1e-8 1e-8 1 0.9 0.25 320000
0.01 0.868852459016393 OD 2 1e-8 1e-8 0.02 0.09 0.5 320000
0.01 0.867924528301887 OD 2 1e-8 1e-8 0.2 0.1 0.5 160000
0.01 0.866666666666667 SA 2 1e-8 1e-8 0.9 0.9 0.5 160000
0.01 0.866666666666667 =2 1e-8 1e-8 0.05 0.09 0.25 320000 NA
0.01 0.865671641791045 =2 1e-8 1e-8 0.05 0.05 0.25 160000 NA
0.01 0.864864864864865 OD 2 1e-8 1e-8 1 0.5 0.5 320000
0.01 0.85 OD 2 1e-8 1e-8 0.09 0.09 0.5 160000
0.01 0.859649122807018 SA 2 1e-8 1e-8 0.2 0.2 0.5 160000
0.01 0.859649122807018 AP 2 1e-8 1e-8 0.5 0.5 0.5 160000
0.01 0.859375 SA 2 1e-8 1e-8 0.5 0.5 0.5 160000
0.01 0.859375 SA 2 1e-8 1e-8 0.1 0.09 0.25 160000
0.01 0.857142857142857 SA 2 1e-8 1e-8 0.01 0.01 0.25 160000
0.01 0.857142857142857 OD 2 1e-8 1e-8 0.2 0.9 0.5 320000
0.01 0.857142857142857 OD 2 1e-8 1e-8 0.2 0.9 0.5 160000
0.01 0.857142857142857 AP 2 1e-8 1e-8 0.5 0.9 0.25 320000
0.01 0.857142857142857 =2 1e-8 1e-8 0.01 0.01 0.25 160000 NA
0.01 0.855072463768116 OD 2 1e-8 1e-8 1 1 0.5 320000
0.01 0.854838709677419 OD 2 1e-8 1e-8 0.09 0.1 0.5 160000
0.01 0.854838709677419 OD 2 1e-8 1e-8 0.05 0.05 0.5 160000
0.01 0.854545454545454 OD 2 1e-8 1e-8 0.1 0.9 0.5 160000
0.01 0.852459016393443 OD 2 1e-8 1e-8 0.5 0.5 0.5 160000
0.01 0.852459016393443 OD 2 1e-8 1e-8 0.1 0.5 0.5 160000
0.01 0.84 SA 2 1e-8 1e-8 0.2 0.5 0.25 320000
0.01 0.849056603773585 AP 2 1e-8 1e-8 0.5 1 0.25 160000
0.01 0.848484848484849 AP 2 1e-8 1e-8 0.9 0.5 0.25 320000
0.01 0.847457627118644 OD 2 1e-8 1e-8 0.5 0.2 0.5 320000
0.01 0.847457627118644 AP 2 1e-8 1e-8 1 0.5 0.25 320000
0.01 0.846153846153846 OD 2 1e-8 1e-8 0.5 0.9 0.5 320000
0.01 0.845070422535211 SA 2 1e-8 1e-8 0.1 0.1 0.25 160000
0.01 0.84375 SA 2 1e-8 1e-8 0.09 0.1 0.25 160000
0.01 0.84375 OD 2 1e-8 1e-8 0.9 0.9 0.5 320000
0.01 0.841269841269841 OD 2 1e-8 1e-8 0.02 0.01 0.5 320000
0.01 0.839285714285714 OD 2 1e-8 1e-8 0.05 0.1 0.5 320000
0.01 0.839285714285714 OD 2 1e-8 1e-8 0.05 0.1 0.5 160000
0.01 0.838709677419355 =2 1e-8 1e-8 0.1 0.1 0.25 160000 NA
0.01 0.837837837837838 SA 2 1e-8 1e-8 0.2 0.1 0.25 160000
0.01 0.837837837837838 SA 2 1e-8 1e-8 0.05 0.09 0.25 160000
0.01 0.835820895522388 AP 2 1e-8 1e-8 0.9 1 0.25 320000
0.01 0.830769230769231 OD 2 1e-8 1e-8 0.02 0.02 0.5 160000
0.01 0.830769230769231 AP 2 1e-8 1e-8 0.5 0.5 0.25 160000
0.01 0.830508474576271 AP 2 1e-8 1e-8 1 0.5 0.25 160000
0.01 0.825396825396825 SA 2 1e-8 1e-8 1 0.5 0.25 160000
0.01 0.825396825396825 OD 2 1e-8 1e-8 0.1 0.02 0.5 160000
0.01 0.825396825396825 AP 2 1e-8 1e-8 0.9 0.9 0.25 160000
0.01 0.825396825396825 =2 1e-8 1e-8 0.1 0.09 0.25 160000 NA
0.01 0.82258064516129 AP 2 1e-8 1e-8 0.5 0.2 0.25 160000
0.01 0.82 =2 1e-8 1e-8 0.05 0.1 0.25 160000 NA
0.01 0.821428571428571 SA 2 1e-8 1e-8 0.9 0.9 0.25 160000
0.01 0.82089552238806 SA 2 1e-8 1e-8 0.1 0.2 0.25 320000
0.01 0.818181818181818 AP 2 1e-8 1e-8 1 0.9 0.5 160000
0.01 0.816666666666667 AP 2 1e-8 1e-8 0.9 0.9 0.5 160000
0.01 0.813559322033898 OD 2 1e-8 1e-8 0.5 0.2 0.5 160000
0.01 0.8125 SA 2 1e-8 1e-8 0.09 0.05 0.25 320000
0.01 0.8125 OD 2 1e-8 1e-8 1 0.1 0.5 160000
0.01 0.811320754716981 AP 2 1e-8 1e-8 0.5 1 0.25 320000
0.01 0.80952380952381 SA 2 1e-8 1e-8 0.5 0.5 0.25 160000
0.01 0.808823529411765 AP 2 1e-8 1e-8 0.2 0.2 0.25 160000
0.01 0.806451612903226 OD 2 1e-8 1e-8 0.1 0.1 0.5 160000
0.01 0.805970149253731 OD 2 1e-8 1e-8 0.1 0.1 0.5 160000
0.01 0.805970149253731 OD 2 1e-8 1e-8 0.09 0.02 0.5 160000
0.01 0.805970149253731 AP 2 1e-8 1e-8 0.2 0.1 0.25 160000
0.01 0.803571428571429 SA 2 1e-8 1e-8 0.05 0.05 0.25 160000
0.01 0.803571428571429 AP 2 1e-8 1e-8 0.5 0.9 0.25 160000
0.01 0.803030303030303 SA 2 1e-8 1e-8 0.2 0.2 0.25 160000
0.01 0.802816901408451 OD 2 1e-8 1e-8 0.2 0.2 0.5 160000
0.01 0.7 OD 2 1e-8 1e-8 0.9 1 0.5 160000
0.01 0.796610169491525 OD 2 1e-8 1e-8 0.2 1 0.5 160000
0.01 0.793650793650794 OD 2 1e-8 1e-8 0.1 0.2 0.5 160000
0.01 0.793650793650794 OD 2 1e-8 1e-8 0.1 0.09 0.5 160000
0.01 0.793650793650794 OD 2 1e-8 1e-8 0.02 0.01 0.5 160000
0.01 0.790322580645161 AP 2 1e-8 1e-8 0.9 1 0.5 320000
0.01 0.786885245901639 SA 2 1e-8 1e-8 0.5 0.9 0.25 160000
0.01 0.786885245901639 AP 2 1e-8 1e-8 0.2 0.2 0.5 160000
0.01 0.785714285714286 SA 2 1e-8 1e-8 0.09 0.05 0.25 160000
0.01 0.782608695652174 OD 2 1e-8 1e-8 0.1 0.05 0.5 160000
0.01 0.78125 OD 2 1e-8 1e-8 0.2 0.5 0.5 160000
0.01 0.779661016949153 OD 2 1e-8 1e-8 0.02 0.05 0.5 160000
0.01 0.779411764705882 =2 1e-8 1e-8 0.09 0.05 0.25 160000 NA
0.01 0.777777777777778 SA 2 1e-8 1e-8 0.5 0.2 0.25 160000
0.01 0.775862068965517 OD 2 1e-8 1e-8 0.05 0.09 0.5 160000
0.01 0.774193548387097 AP 2 1e-8 1e-8 0.1 0.1 0.25 160000
0.01 0.772727272727273 AP 2 1e-8 1e-8 0.2 0.5 0.25 160000
0.01 0.767123287671233 OD 2 1e-8 1e-8 1 0.2 0.5 320000
0.01 0.767123287671233 OD 2 1e-8 1e-8 1 0.2 0.5 160000
0.01 0.766666666666667 OD 2 1e-8 1e-8 0.02 0.1 0.5 160000
0.01 0.765625 OD 2 1e-8 1e-8 0.9 0.9 0.5 160000
0.01 0.761194029850746 SA 2 1e-8 1e-8 0.9 1 0.5 160000
0.01 0.75 OD 2 1e-8 1e-8 0.5 0.1 0.5 160000
0.01 0.75 AP 2 1e-8 1e-8 0.1 0.1 0.5 160000
0.01 0.758064516129032 SA 2 1e-8 1e-8 0.5 1 0.25 160000
0.01 0.746268656716418 AP 2 1e-8 1e-8 0.9 1 0.25 160000
0.01 0.745454545454545 OD 2 1e-8 1e-8 0.9 0.1 0.5 160000
0.01 0.745454545454545 AP 2 1e-8 1e-8 1 0.9 0.5 320000
0.01 0.743243243243243 OD 2 1e-8 1e-8 1 0.5 0.5 160000
0.01 0.737704918032787 OD 2 1e-8 1e-8 1 0.9 0.5 160000
0.01 0.733333333333333 =2 1e-8 1e-8 0.05 0.09 0.25 160000 NA
0.01 0.732142857142857 AP 2 1e-8 1e-8 1 0.9 0.25 160000
0.01 0.727272727272727 OD 2 1e-8 1e-8 0.05 0.01 0.5 160000
0.01 0.725806451612903 SA 2 1e-8 1e-8 1 0.9 0.25 160000
0.01 0.716666666666667 OD 2 1e-8 1e-8 0.9 0.2 0.5 160000
0.01 0.712121212121212 AP 2 1e-8 1e-8 0.1 0.2 0.25 160000
0.01 0.710144927536232 OD 2 1e-8 1e-8 1 1 0.5 160000
0.01 0.709677419354839 AP 2 1e-8 1e-8 0.9 1 0.5 160000
0.01 0.703125 OD 2 1e-8 1e-8 0.1 1 0.5 160000
0.01 0.703125 AP 2 1e-8 1e-8 1 1 0.5 160000
0.01 0.696969696969697 AP 2 1e-8 1e-8 0.9 0.5 0.25 160000
0.01 0.677966101694915 OD 2 1e-8 1e-8 0.9 0.5 0.5 160000
0.01 0.676923076923077 AP 2 1e-8 1e-8 1 1 0.25 160000
0.01 0.660714285714286 OD 2 1e-8 1e-8 0.5 1 0.5 160000
0.01 0.5 SA 2 1e-8 1e-8 0.1 0.1 0.5 32000
0.01 0.5 OD 2 1e-8 1e-8 0.05 0.01 0.5 320000
0.01 0.537313432835821 SA 2 1e-8 1e-8 1 1 0.25 32000
0.01 0.507936507936508 AP 2 1e-8 1e-8 0.9 0.9 0.25 32000
0.01 0.4 SA 2 1e-8 1e-8 0.05 0.1 0.25 32000
0.01 0.4 OD 2 1e-8 1e-8 0.9 0.2 0.5 32000
0.01 0.4 AP 2 1e-8 1e-8 0.9 0.9 0.5 32000
0.01 0.483333333333333 SA 2 1e-8 1e-8 0.9 0.9 0.5 32000
0.01 0.47887323943662 SA 2 1e-8 1e-8 1 0.9 0.5 32000
0.01 0.476190476190476 =2 1e-8 1e-8 0.1 0.09 0.25 32000 NA
0.01 0.466666666666667 SA 2 1e-8 1e-8 0.1 0.1 0.25 32000
0.01 0.462686567164179 SA 2 1e-8 1e-8 0.9 1 0.5 32000
0.01 0.461538461538462 OD 2 1e-8 1e-8 0.02 0.02 0.5 32000
0.01 0.457627118644068 =2 1e-8 1e-8 0.05 0.1 0.25 32000 NA
0.01 0.451612903225806 AP 2 1e-8 1e-8 0.1 0.1 0.25 32000
0.01 0.444444444444444 SA 2 1e-8 1e-8 0.5 0.5 0.25 32000
0.01 0.441176470588235 AP 2 1e-8 1e-8 0.2 0.2 0.25 32000
0.01 0.439393939393939 OD 2 1e-8 1e-8 0.01 0.01 0.5 32000
0.01 0.4375 AP 2 1e-8 1e-8 1 1 0.5 32000
0.01 0.435483870967742 OD 2 1e-8 1e-8 0.1 0.1 0.5 32000
0.01 0.430769230769231 AP 2 1e-8 1e-8 1 1 0.25 32000
0.01 0.421052631578947 =2 1e-8 1e-8 0.09 0.09 0.5 32000 NA
0.01 0.410714285714286 SA 2 1e-8 1e-8 0.9 0.9 0.25 32000
0.01 0.409090909090909 =2 1e-8 1e-8 0.1 0.05 0.25 32000 NA
0.01 0.404255319148936 SA 2 1e-8 1e-8 0.02 0.02 0.25 32000
0.01 0.403508771929825 SA 2 1e-8 1e-8 1 1 0.5 32000
0.01 0.402985074626866 SA 2 1e-8 1e-8 0.9 1 0.25 32000
0.01 0.3 SA 2 1e-8 1e-8 0.2 0.5 0.25 32000
0.01 0.3 SA 2 1e-8 1e-8 0.01 0.01 0.25 32000
0.01 0.397058823529412 SA 2 1e-8 1e-8 0.1 0.2 0.25 32000
0.01 0.397058823529412 =2 1e-8 1e-8 0.09 0.05 0.25 32000 NA
0.01 0.393939393939394 SA 2 1e-8 1e-8 0.2 0.2 0.25 32000
0.01 0.393939393939394 SA 2 1e-8 1e-8 0.1 0.1 0.5 32000
0.01 0.39344262295082 AP 2 1e-8 1e-8 0.2 0.2 0.5 32000
0.01 0.392857142857143 SA 2 1e-8 1e-8 0.05 0.05 0.25 32000
0.01 0.390625 SA 2 1e-8 1e-8 0.1 0.09 0.25 32000
0.01 0.390625 SA 2 1e-8 1e-8 0.09 0.1 0.25 32000
0.01 0.387755102040816 OD 2 1e-8 1e-8 0.09 0.05 0.5 32000
0.01 0.387096774193548 SA 2 1e-8 1e-8 1 0.9 0.25 32000
0.01 0.377049180327869 OD 2 1e-8 1e-8 0.02 0.09 0.5 32000
0.01 0.375 OD 2 1e-8 1e-8 0.05 0.01 0.5 32000
0.01 0.373134328358209 OD 2 1e-8 1e-8 0.1 0.1 0.5 32000
0.01 0.369230769230769 AP 2 1e-8 1e-8 0.5 0.5 0.25 32000
0.01 0.368421052631579 SA 2 1e-8 1e-8 0.2 0.2 0.5 32000
0.01 0.366197183098592 SA 2 1e-8 1e-8 0.1 0.1 0.25 32000
0.01 0.365079365079365 =2 1e-8 1e-8 0.09 0.09 0.25 32000 NA
0.01 0.363636363636364 OD 2 1e-8 1e-8 0.1 0.9 0.5 32000
0.01 0.363636363636364 AP 2 1e-8 1e-8 0.1 0.2 0.25 32000
0.01 0.363636363636364 =2 1e-8 1e-8 0.1 0.1 0.5 32000 NA
0.01 0.36231884057971 OD 2 1e-8 1e-8 0.1 0.05 0.5 32000
0.01 0.360655737704918 OD 2 1e-8 1e-8 0.1 0.5 0.5 32000
0.01 0.359375 SA 2 1e-8 1e-8 0.5 0.5 0.5 32000
0.01 0.358490566037736 OD 2 1e-8 1e-8 0.2 0.1 0.5 32000
0.01 0.358490566037736 AP 2 1e-8 1e-8 0.5 1 0.25 32000
0.01 0.357142857142857 SA 2 1e-8 1e-8 0.09 0.09 0.25 32000
0.01 0.357142857142857 OD 2 1e-8 1e-8 0.9 1 0.5 32000
0.01 0.357142857142857 OD 2 1e-8 1e-8 0.5 1 0.5 32000
0.01 0.357142857142857 AP 2 1e-8 1e-8 1 0.9 0.25 32000
0.01 0.354838709677419 SA 2 1e-8 1e-8 0.5 1 0.25 32000
0.01 0.354838709677419 OD 2 1e-8 1e-8 0.09 0.1 0.5 32000
0.01 0.352941176470588 SA 2 1e-8 1e-8 0.1 0.05 0.25 32000
0.01 0.35 =2 1e-8 1e-8 0.05 0.09 0.25 32000 NA
0.01 0.350877192982456 AP 2 1e-8 1e-8 0.5 0.5 0.5 32000
0.01 0.345454545454545 OD 2 1e-8 1e-8 0.9 0.1 0.5 32000
0.01 0.34375 OD 2 1e-8 1e-8 0.1 1 0.5 32000
0.01 0.339285714285714 AP 2 1e-8 1e-8 0.5 0.9 0.25 32000
0.01 0.338983050847458 OD 2 1e-8 1e-8 0.5 0.2 0.5 32000
0.01 0.338235294117647 =2 1e-8 1e-8 0.02 0.02 0.25 32000 NA
0.01 0.333333333333333 OD 2 1e-8 1e-8 1 1 0.5 32000
0.01 0.333333333333333 OD 2 1e-8 1e-8 0.2 0.9 0.5 32000
0.01 0.333333333333333 OD 2 1e-8 1e-8 0.1 0.02 0.5 32000
0.01 0.333333333333333 AP 2 1e-8 1e-8 0.5 0.2 0.25 32000
0.01 0.328125 OD 2 1e-8 1e-8 1 0.1 0.5 32000
0.01 0.328125 OD 2 1e-8 1e-8 0.9 0.9 0.5 32000
0.01 0.327868852459016 SA 2 1e-8 1e-8 0.5 0.9 0.25 32000
0.01 0.324324324324324 SA 2 1e-8 1e-8 0.2 0.1 0.25 32000
0.01 0.32258064516129 =2 1e-8 1e-8 0.1 0.1 0.25 32000 NA
0.01 0.321428571428571 SA 2 1e-8 1e-8 0.05 0.09 0.25 32000
0.01 0.321428571428571 OD 2 1e-8 1e-8 0.05 0.1 0.5 32000
0.01 0.317460317460317 SA 2 1e-8 1e-8 1 0.5 0.25 32000
0.01 0.317460317460317 OD 2 1e-8 1e-8 0.1 0.09 0.5 32000
0.01 0.317460317460317 OD 2 1e-8 1e-8 0.02 0.01 0.5 32000
0.01 0.316666666666667 OD 2 1e-8 1e-8 0.09 0.09 0.5 32000
0.01 0.315068493150685 OD 2 1e-8 1e-8 1 0.2 0.5 32000
0.01 0.313432835820896 AP 2 1e-8 1e-8 0.9 1 0.25 32000
0.01 0.311475409836066 OD 2 1e-8 1e-8 1 0.9 0.5 32000
0.01 0.311475409836066 OD 2 1e-8 1e-8 0.5 0.5 0.5 32000
0.01 0.309859154929577 OD 2 1e-8 1e-8 0.2 0.2 0.5 32000
0.01 0.307692307692308 SA 2 1e-8 1e-8 0.09 0.09 0.5 32000
0.01 0.306451612903226 OD 2 1e-8 1e-8 0.05 0.05 0.5 32000
0.01 0.306451612903226 AP 2 1e-8 1e-8 0.9 1 0.5 32000
0.01 0.301587301587302 SA 2 1e-8 1e-8 0.5 0.2 0.25 32000
0.01 0.298507462686567 AP 2 1e-8 1e-8 0.2 0.1 0.25 32000
0.01 0.296875 AP 2 1e-8 1e-8 1 1 0.5 16000
0.01 0.294117647058824 =2 1e-8 1e-8 0.01 0.01 0.25 32000 NA
0.01 0.288135593220339 OD 2 1e-8 1e-8 0.2 1 0.5 32000
0.01 0.285714285714286 OD 2 1e-8 1e-8 0.05 0.02 0.5 32000
0.01 0.283018867924528 SA 2 1e-8 1e-8 0.09 0.05 0.25 32000
0.01 0.28125 OD 2 1e-8 1e-8 0.5 0.1 0.5 32000
0.01 0.272727272727273 SA 2 1e-8 1e-8 0.9 0.5 0.25 32000
0.01 0.271186440677966 AP 2 1e-8 1e-8 1 0.5 0.25 32000
0.01 0.26865671641791 =2 1e-8 1e-8 0.05 0.05 0.25 32000 NA
0.01 0.266666666666667 OD 2 1e-8 1e-8 0.02 0.1 0.5 32000
0.01 0.258620689655172 OD 2 1e-8 1e-8 0.05 0.09 0.5 32000
0.01 0.254545454545455 OD 2 1e-8 1e-8 0.01 0.02 0.5 32000
0.01 0.254545454545455 AP 2 1e-8 1e-8 1 0.9 0.5 32000
0.01 0.253968253968254 OD 2 1e-8 1e-8 0.1 0.2 0.5 32000
0.01 0.243243243243243 OD 2 1e-8 1e-8 1 0.5 0.5 32000
0.01 0.242424242424242 AP 2 1e-8 1e-8 0.2 0.5 0.25 32000
0.01 0.241379310344828 AP 2 1e-8 1e-8 0.1 0.1 0.5 32000
0.01 0.23728813559322 OD 2 1e-8 1e-8 0.02 0.05 0.5 32000
0.01 0.235294117647059 OD 2 1e-8 1e-8 0.01 0.05 0.5 32000
0.01 0.234375 OD 2 1e-8 1e-8 0.2 0.5 0.5 32000
0.01 0.230769230769231 OD 2 1e-8 1e-8 0.5 0.9 0.5 32000
0.01 0.229508196721311 OD 2 1e-8 1e-8 1 0.9 0.5 16000
0.01 0.223880597014925 OD 2 1e-8 1e-8 0.09 0.02 0.5 32000
0.01 0.220338983050847 OD 2 1e-8 1e-8 0.9 0.5 0.5 32000
0.01 0 =2 1e-8 1e-8 0.05 0.05 0.5 16000 NA
0.01 0 =2 1e-8 1e-8 0.02 0.01 0.25 16000 NA
0.01 0.218181818181818 =2 1e-8 1e-8 0.09 0.1 0.25 32000 NA
0.01 0.212121212121212 AP 2 1e-8 1e-8 0.9 0.5 0.25 32000
0.01 0.197183098591549 SA 2 1e-8 1e-8 1 0.9 0.5 16000
0.01 0.194029850746269 SA 2 1e-8 1e-8 0.9 1 0.25 16000
0.01 0.193548387096774 SA 2 1e-8 1e-8 1 0.9 0.25 16000
0.01 0.191176470588235 AP 2 1e-8 1e-8 0.2 0.2 0.25 16000
0.01 0.1875 SA 2 1e-8 1e-8 0.5 0.5 0.5 16000
0.01 0.185714285714286 OD 2 1e-8 1e-8 0.9 1 0.5 16000
0.01 0.183333333333333 SA 2 1e-8 1e-8 0.1 0.1 0.25 16000
0.01 0.17910447761194 OD 2 1e-8 1e-8 0.1 0.1 0.5 16000
0.01 0.17741935483871 OD 2 1e-8 1e-8 0.05 0.05 0.5 16000
0.01 0.171428571428571 SA 2 1e-8 1e-8 0.09 0.09 0.25 16000
0.01 0.170212765957447 SA 2 1e-8 1e-8 0.02 0.02 0.25 16000
0.01 0.169491525423729 SA 2 1e-8 1e-8 0.09 0.05 0.25 16000
0.01 0.166666666666667 OD 2 1e-8 1e-8 0.02 0.1 0.5 16000
0.01 0.160714285714286 SA 2 1e-8 1e-8 0.9 0.9 0.25 16000
0.01 0.158730158730159 SA 2 1e-8 1e-8 0.5 0.5 0.25 16000
0.01 0.158730158730159 SA 2 1e-8 1e-8 0.5 0.2 0.25 16000
0.01 0.158730158730159 OD 2 1e-8 1e-8 0.1 0.09 0.5 16000
0.01 0.150943396226415 OD 2 1e-8 1e-8 0.2 0.1 0.5 16000
0.01 0.149253731343284 SA 2 1e-8 1e-8 1 1 0.25 16000
0.01 0.147540983606557 OD 2 1e-8 1e-8 0.02 0.09 0.5 16000
0.01 0.145454545454545 OD 2 1e-8 1e-8 0.1 0.9 0.5 16000
0.01 0.142857142857143 SA 2 1e-8 1e-8 0.1 0.05 0.25 16000
0.01 0.142857142857143 AP 2 1e-8 1e-8 1 0.9 0.25 16000
0.01 0.142857142857143 =2 1e-8 1e-8 0.09 0.09 0.25 16000 NA
0.01 0.140350877192982 SA 2 1e-8 1e-8 1 1 0.5 16000
0.01 0.135593220338983 OD 2 1e-8 1e-8 0.9 0.5 0.5 16000
0.01 0.135135135135135 SA 2 1e-8 1e-8 0.01 0.01 0.25 16000
0.01 0.133333333333333 SA 2 1e-8 1e-8 0.9 0.9 0.5 16000
0.01 0.129032258064516 OD 2 1e-8 1e-8 0.09 0.1 0.5 16000
0.01 0.129032258064516 =2 1e-8 1e-8 0.1 0.1 0.25 16000 NA
0.01 0.126984126984127 AP 2 1e-8 1e-8 0.9 0.9 0.25 16000
0.01 0.126760563380282 SA 2 1e-8 1e-8 0.1 0.1 0.25 16000
0.01 0.125 SA 2 1e-8 1e-8 0.1 0.09 0.25 16000
0.01 0.125 OD 2 1e-8 1e-8 0.5 0.1 0.5 16000
0.01 0.123076923076923 AP 2 1e-8 1e-8 1 1 0.25 16000
0.01 0.121621621621622 SA 2 1e-8 1e-8 0.2 0.1 0.25 16000
0.01 0.11864406779661 SA 2 1e-8 1e-8 0.05 0.09 0.25 16000
0.01 0.117647058823529 SA 2 1e-8 1e-8 0.1 0.2 0.25 16000
0.01 0.116666666666667 OD 2 1e-8 1e-8 0.09 0.09 0.5 16000
0.01 0.116666666666667 AP 2 1e-8 1e-8 0.9 0.9 0.5 16000
0.01 0.114754098360656 OD 2 1e-8 1e-8 0.5 0.5 0.5 16000
0.01 0.109375 OD 2 1e-8 1e-8 1 0.1 0.5 16000
0.01 0.109375 OD 2 1e-8 1e-8 0.9 0.9 0.5 16000
0.01 0.109090909090909 =2 1e-8 1e-8 0.09 0.1 0.25 16000 NA
0.01 0.107692307692308 OD 2 1e-8 1e-8 0.5 0.9 0.5 16000
0.01 0.107142857142857 SA 2 1e-8 1e-8 0.05 0.05 0.25 16000
0.01 0.105263157894737 AP 2 1e-8 1e-8 0.5 0.5 0.5 16000
0.01 0.104477611940299 SA 2 1e-8 1e-8 0.9 1 0.5 16000
0.01 0.104477611940299 AP 2 1e-8 1e-8 0.9 1 0.25 16000
0.01 0.103448275862069 OD 2 1e-8 1e-8 0.05 0.09 0.5 16000
0.01 0.101694915254237 OD 2 1e-8 1e-8 0.2 1 0.5 16000
0.01 0.101449275362319 OD 2 1e-8 1e-8 1 1 0.5 16000
0.01 0.0967741935483871 AP 2 1e-8 1e-8 0.9 1 0.5 16000
0.01 0.0967741935483871 AP 2 1e-8 1e-8 0.1 0.1 0.5 16000
0.01 0.0967741935483871 =2 1e-8 1e-8 0.1 0.1 0.5 16000 NA
0.01 0.0958904109589041 OD 2 1e-8 1e-8 1 0.2 0.5 16000
0.01 0.0952380952380952 OD 2 1e-8 1e-8 0.2 0.9 0.5 16000
0.01 0.0952380952380952 OD 2 1e-8 1e-8 0.1 0.2 0.5 16000
0.01 0.0952380952380952 =2 1e-8 1e-8 0.1 0.09 0.25 16000 NA
0.01 0.0945945945945946 OD 2 1e-8 1e-8 1 0.5 0.5 16000
0.01 0.0943396226415094 AP 2 1e-8 1e-8 0.5 1 0.25 16000
0.01 0.0923076923076923 OD 2 1e-8 1e-8 0.02 0.02 0.5 16000
0.01 0.0923076923076923 AP 2 1e-8 1e-8 0.5 0.5 0.25 16000
0.01 0.0909090909090909 OD 2 1e-8 1e-8 0.9 0.1 0.5 16000
0.01 0.08 SA 2 1e-8 1e-8 0.2 0.5 0.25 16000
0.01 0.08 SA 2 1e-8 1e-8 0.1 0.1 0.5 16000
0.01 0.0895522388059701 OD 2 1e-8 1e-8 0.09 0.02 0.5 16000
0.01 0.0895522388059701 =2 1e-8 1e-8 0.1 0.05 0.25 16000 NA
0.01 0.0895522388059701 =2 1e-8 1e-8 0.05 0.05 0.25 16000 NA
0.01 0.0892857142857143 OD 2 1e-8 1e-8 0.5 1 0.5 16000
0.01 0.0892857142857143 OD 2 1e-8 1e-8 0.05 0.1 0.5 16000
0.01 0.0888888888888889 OD 2 1e-8 1e-8 0.01 0.05 0.5 16000
0.01 0.0882352941176471 =2 1e-8 1e-8 0.09 0.05 0.25 16000 NA
0.01 0.0819672131147541 SA 2 1e-8 1e-8 0.5 0.9 0.25 16000
0.01 0.0819672131147541 OD 2 1e-8 1e-8 0.1 0.5 0.5 16000
0.01 0.0816326530612245 OD 2 1e-8 1e-8 0.09 0.05 0.5 16000
0.01 0.0806451612903226 AP 2 1e-8 1e-8 0.1 0.1 0.25 16000
0.01 0.078125 SA 2 1e-8 1e-8 0.09 0.1 0.25 16000
0.01 0.078125 OD 2 1e-8 1e-8 0.2 0.5 0.5 16000
0.01 0.075 SA 2 1e-8 1e-8 0.1 0.1 0.5 16000
0.01 0.0757575757575758 OD 2 1e-8 1e-8 0.01 0.01 0.5 16000
0.01 0.0757575757575758 AP 2 1e-8 1e-8 0.2 0.5 0.25 16000
0.01 0.0727272727272727 SA 2 1e-8 1e-8 0.9 0.5 0.25 16000
0.01 0.0727272727272727 OD 2 1e-8 1e-8 0.01 0.02 0.5 16000
0.01 0.0727272727272727 =2 1e-8 1e-8 0.01 0.01 0.25 16000 NA
0.01 0.0689655172413793 =2 1e-8 1e-8 0.09 0.09 0.5 16000 NA
0.01 0.0666666666666667 =2 1e-8 1e-8 0.05 0.09 0.25 16000 NA
0.01 0.0634920634920635 OD 2 1e-8 1e-8 0.1 0.02 0.5 16000
0.01 0.0625 OD 2 1e-8 1e-8 0.1 1 0.5 16000
0.01 0.0606060606060606 SA 2 1e-8 1e-8 0.2 0.2 0.25 16000
0.01 0.0606060606060606 AP 2 1e-8 1e-8 0.9 0.5 0.25 16000
0.01 0.0606060606060606 AP 2 1e-8 1e-8 0.1 0.2 0.25 16000
0.01 0.05 SA 2 1e-8 1e-8 0.09 0.09 0.5 16000
0.01 0.05 OD 2 1e-8 1e-8 0.9 0.2 0.5 16000
0.01 0.0588235294117647 =2 1e-8 1e-8 0.02 0.02 0.25 16000 NA
0.01 0.0571428571428571 SA 2 1e-8 1e-8 0.05 0.1 0.25 16000
0.01 0.0563380281690141 OD 2 1e-8 1e-8 0.2 0.2 0.5 16000
0.01 0.0545454545454545 AP 2 1e-8 1e-8 1 0.9 0.5 16000
0.01 0.0535714285714286 AP 2 1e-8 1e-8 0.5 0.9 0.25 16000
0.01 0.0508474576271186 OD 2 1e-8 1e-8 0.5 0.2 0.5 16000
0.01 0.0476190476190476 OD 2 1e-8 1e-8 0.05 0.02 0.5 16000
0.01 0.0476190476190476 OD 2 1e-8 1e-8 0.02 0.01 0.5 16000
0.01 0.0476190476190476 AP 2 1e-8 1e-8 0.5 0.2 0.25 16000
0.01 0.0447761194029851 AP 2 1e-8 1e-8 0.2 0.1 0.25 16000
0.01 0.0392156862745098 OD 2 1e-8 1e-8 0.05 0.01 0.5 16000
0.01 0.0350877192982456 SA 2 1e-8 1e-8 0.2 0.2 0.5 16000
0.01 0.0338983050847458 OD 2 1e-8 1e-8 0.02 0.05 0.5 16000
0.01 0.0333333333333333 =2 1e-8 1e-8 0.05 0.1 0.25 16000 NA
0.01 0.0327868852459016 AP 2 1e-8 1e-8 0.2 0.2 0.5 16000
0.01 0.032258064516129 SA 2 1e-8 1e-8 0.5 1 0.25 16000
0.01 0.032258064516129 OD 2 1e-8 1e-8 0.1 0.1 0.5 16000
0.01 0.0317460317460317 SA 2 1e-8 1e-8 1 0.5 0.25 16000
0.01 0.0289855072463768 OD 2 1e-8 1e-8 0.1 0.05 0.5 16000
