alpha power seltype Ne rec mut s1 s2 h t nsim
0.01 NaN SA 20000 1e-8 1e-8 0.05 0.02 0.25 160000 0
0.01 NaN SA 20000 1e-8 1e-8 0.02 0.05 0.25 160000 0
0.01 NaN SA 20000 1e-8 1e-8 0.02 0.02 0.5 160000 0
0.01 NaN SA 20000 1e-8 1e-8 0.01 0.01 0.5 160000 0
0.01 NaN OD 2000 1e-8 1e-8 0.1 0.01 0 16000 0
0.01 NaN OD 2000 1e-8 1e-8 0.01 0.1 0 16000 0
0.01 NaN AP 20000 1e-8 1e-8 0.02 0.02 0.5 160000 0
0.01 NaN AP 20000 1e-8 1e-8 0.01 0.01 0.5 160000 0
0.01 0 SA 20000 1e-8 1e-8 1 0.5 0.25 160000 100
0.01 0 SA 20000 1e-8 1e-8 0.5 1 0.25 160000 100
0.01 0.5 OD 20000 1e-8 1e-8 0.2 0.2 0 320000 100
0.01 0.58 OD 20000 1e-8 1e-8 0.02 0.02 0 320000 100
0.01 0.574257425742574 OD 20000 1e-8 1e-8 0.1 0.1 0 320000 101
0.01 0.554455445544555 OD 20000 1e-8 1e-8 1 1 0 320000 101
0.01 0.4 OD 20000 1e-8 1e-8 0.5 0.1 0 320000 100
0.01 0.4 OD 20000 1e-8 1e-7 1 0.5 0 160000 100
0.01 0.4 OD 20000 1e-8 1e-7 0.1 0.2 0 160000 100
0.01 0.49 OD 20000 1e-8 1e-8 0.1 0.1 0 320000 100
0.01 0.49 OD 20000 1e-8 1e-8 0.05 0.05 0 320000 100
0.01 0.495049504950495 OD 20000 1e-8 1e-8 0.5 0.5 0 320000 101
0.01 0.48 OD 20000 1e-8 1e-7 0.01 0.1 0 160000 100
0.01 0.47 OD 20000 1e-8 1e-8 0.01 0.1 0 320000 100
0.01 0.47 OD 20000 1e-8 1e-7 0.2 0.2 0 160000 100
0.01 0.46 OD 20000 1e-8 1e-7 0.1 0.05 0 160000 100
0.01 0.46 OD 20000 1e-8 1e-7 0.05 0.01 0 160000 100
0.01 0.45 OD 20000 1e-8 1e-7 0.2 0.1 0 160000 100
0.01 0.455445544554455 OD 20000 1e-8 1e-7 1 1 0 160000 101
0.01 0.44 OD 20000 1e-8 1e-7 1 0.1 0 160000 100
0.01 0.43 OD 20000 1e-8 1e-8 0.1 0.01 0 320000 100
0.01 0.43 OD 20000 1e-8 1e-8 0.05 0.01 0 320000 100
0.01 0.43 OD 20000 1e-8 1e-7 0.1 1 0 160000 100
0.01 0.42 OD 20000 1e-8 1e-7 0.1 0.01 0 160000 100
0.01 0.41 OD 20000 1e-8 1e-8 1 0.1 0 320000 100
0.01 0.3 OD 2000 1e-8 1e-8 1 1 0 16000 100
0.01 0.3 OD 20000 1e-8 1e-8 0.5 1 0 320000 100
0.01 0.3 OD 20000 1e-8 1e-8 0.01 0.02 0 320000 100
0.01 0.3 OD 20000 1e-8 1e-7 1 0.2 0 160000 100
0.01 0.39 OD 20000 1e-8 1e-8 1 0.2 0 320000 100
0.01 0.39 OD 20000 1e-8 1e-8 0.05 0.1 0 320000 100
0.01 0.39 OD 20000 1e-8 1e-8 0.02 0.1 0 320000 100
0.01 0.39 OD 20000 1e-8 1e-8 0.01 0.01 0 320000 100
0.01 0.39 OD 20000 1e-8 1e-7 0.05 0.1 0 160000 100
0.01 0.39 OD 20000 1e-8 1e-7 0.05 0.05 0 160000 100
0.01 0.38 OD 20000 1e-8 1e-8 0.2 1 0 320000 100
0.01 0.38 OD 20000 1e-8 1e-8 0.2 0.1 0 320000 100
0.01 0.38 OD 20000 1e-8 1e-8 0.02 0.05 0 320000 100
0.01 0.38 OD 20000 1e-8 1e-7 0.5 1 0 160000 100
0.01 0.38 OD 20000 1e-8 1e-7 0.01 0.01 0 160000 100
0.01 0.37 OD 20000 1e-8 1e-8 0.02 0.01 0 320000 100
0.01 0.37 OD 20000 1e-8 1e-7 0.02 0.01 0 160000 100
0.01 0.36 OD 20000 1e-8 1e-8 0.01 0.05 0 320000 100
0.01 0.35 OD 2000 1e-8 1e-8 1 0.2 0 16000 100
0.01 0.35 OD 2000 1e-8 1e-8 0.5 0.1 0 16000 100
0.01 0.35 OD 20000 1e-8 1e-8 0.5 0.2 0 320000 100
0.01 0.35 OD 20000 1e-8 1e-7 0.1 0.5 0 160000 100
0.01 0.35 OD 20000 1e-8 1e-7 0.1 0.1 0 160000 100
0.01 0.35 OD 20000 1e-8 1e-7 0.1 0.02 0 160000 100
0.01 0.35 OD 20000 1e-8 1e-7 0.01 0.05 0 160000 100
0.01 0.35 OD 20000 1e-8 1e-7 0.01 0.02 0 160000 100
0.01 0.34 OD 20000 1e-8 1e-8 0.2 0.5 0 320000 100
0.01 0.34 OD 20000 1e-8 1e-7 0.5 0.1 0 160000 100
0.01 0.33 OD 2000 1e-8 1e-8 0.1 0.1 0 16000 100
0.01 0.33 OD 20000 1e-8 1e-8 0.1 1 0 320000 100
0.01 0.33 OD 20000 1e-8 1e-8 0.1 0.2 0 320000 100
0.01 0.336633663366337 OD 20000 1e-8 1e-7 0.1 0.1 0 160000 101
0.01 0.32 OD 20000 1e-8 1e-8 0.05 0.02 0 320000 100
0.01 0.32 OD 20000 1e-8 1e-8 0.05 0.01 0 160000 100
0.01 0.32 OD 20000 1e-8 1e-7 0.02 0.02 0 160000 100
0.01 0.326732673267327 OD 20000 1e-8 1e-7 0.5 0.5 0 160000 101
0.01 0.31 OD 2000 1e-8 1e-8 0.2 1 0 16000 100
0.01 0.31 OD 20000 1e-8 1e-8 0.1 0.05 0 320000 100
0.01 0.2 OD 20000 1e-8 1e-8 0.5 0.2 0 160000 100
0.01 0.2 OD 20000 1e-8 1e-8 0.5 0.1 0 160000 100
0.01 0.2 OD 20000 1e-8 1e-8 0.01 0.01 0 160000 100
0.01 0.2 AP 20000 1e-8 1e-8 0.1 0.05 0.25 160000 100
0.01 0.29 SA 20000 1e-8 1e-8 1 1 0.5 160000 100
0.01 0.29 SA 20000 1e-8 1e-8 0.1 0.1 0.25 160000 100
0.01 0.29 OD 2000 1e-8 1e-8 0.2 0.2 0 16000 100
0.01 0.29 OD 20000 1e-8 1e-7 0.2 1 0 160000 100
0.01 0.28 OD 20000 1e-8 1e-8 0.1 0.02 0 320000 100
0.01 0.28 OD 20000 1e-8 1e-7 0.02 0.1 0 160000 100
0.01 0.27 OD 20000 1e-8 1e-8 0.2 0.2 0 160000 100
0.01 0.27 OD 20000 1e-8 1e-8 0.1 0.02 0 160000 100
0.01 0.27 OD 20000 1e-8 1e-8 0.1 0.01 0 160000 100
0.01 0.27 OD 20000 1e-8 1e-7 0.05 0.02 0 160000 100
0.01 0.27 AP 20000 1e-8 1e-8 1 1 0.5 160000 100
0.01 0.27 AP 20000 1e-8 1e-8 0.5 1 0.25 160000 100
0.01 0.26 SA 20000 1e-8 1e-8 0.2 0.2 0.5 160000 100
0.01 0.26 OD 20000 1e-8 1e-7 0.5 0.2 0 160000 100
0.01 0.26 AP 20000 1e-8 1e-8 0.2 0.5 0.25 160000 100
0.01 0.25 SA 20000 1e-8 1e-8 0.2 0.2 0.25 160000 100
0.01 0.25 OD 2000 1e-8 1e-8 0.5 0.5 0 16000 100
0.01 0.25 OD 2000 1e-8 1e-8 0.1 1 0 16000 100
0.01 0.25 OD 2000 1e-8 1e-8 0.02 0.1 0 16000 100
0.01 0.25 OD 20000 1e-8 1e-8 1 0.5 0 320000 100
0.01 0.25 OD 20000 1e-8 1e-8 0.1 0.5 0 320000 100
0.01 0.25 AP 20000 1e-8 1e-8 1 1 0.25 160000 100
0.01 0.24 OD 2000 1e-8 1e-8 1 0.1 0 16000 100
0.01 0.24 OD 2000 1e-8 1e-8 0.5 1 0 16000 100
0.01 0.24 OD 20000 1e-8 1e-8 0.1 0.5 0 160000 100
0.01 0.24 OD 20000 1e-8 1e-8 0.05 0.02 0 160000 100
0.01 0.24 OD 20000 1e-8 1e-7 0.02 0.05 0 160000 100
0.01 0.24 AP 20000 1e-8 1e-8 1 0.5 0.25 160000 100
0.01 0.23 OD 2000 1e-8 1e-8 0.5 0.2 0 16000 100
0.01 0.23 OD 20000 1e-8 1e-8 1 0.2 0 160000 100
0.01 0.23 OD 20000 1e-8 1e-8 0.01 0.05 0 160000 100
0.01 0.23 AP 20000 1e-8 1e-8 0.2 0.2 0.5 160000 100
0.01 0.23 AP 20000 1e-8 1e-8 0.05 0.05 0.25 160000 100
0.01 0.237623762376238 OD 20000 1e-8 1e-8 1 1 0 160000 101
0.01 0.22 SA 20000 1e-8 1e-8 1 1 0.25 160000 100
0.01 0.22 SA 20000 1e-8 1e-8 0.5 0.5 0.5 160000 100
0.01 0.22 SA 20000 1e-8 1e-8 0.05 0.05 0.25 160000 100
0.01 0.22 OD 2000 1e-8 1e-8 0.2 0.5 0 16000 100
0.01 0.22 OD 20000 1e-8 1e-8 0.1 1 0 160000 100
0.01 0.22 OD 20000 1e-8 1e-8 0.02 0.01 0 160000 100
0.01 0.22 AP 20000 1e-8 1e-8 0.5 0.2 0.25 160000 100
0.01 0.22 AP 20000 1e-8 1e-8 0.05 0.1 0.25 160000 100
0.01 0.22 AP 20000 1e-8 1e-8 0.01 0.01 0.25 160000 100
0.01 0.227722772277228 OD 20000 1e-8 1e-8 0.1 0.1 0 160000 101
0.01 0.21 OD 2000 1e-8 1e-8 0.1 0.5 0 16000 100
0.01 0.21 OD 20000 1e-8 1e-8 0.2 1 0 160000 100
0.01 0.21 OD 20000 1e-8 1e-8 0.2 0.1 0 160000 100
0.01 0.21 OD 20000 1e-8 1e-8 0.1 0.2 0 160000 100
0.01 0.21 OD 20000 1e-8 1e-8 0.1 0.1 0 160000 100
0.01 0.21 OD 20000 1e-8 1e-8 0.1 0.05 0 160000 100
0.01 0.21 OD 20000 1e-8 1e-8 0.05 0.05 0 160000 100
0.01 0.21 OD 20000 1e-8 1e-8 0.01 0.1 0 160000 100
0.01 0.21 AP 20000 1e-8 1e-8 0.2 0.1 0.25 160000 100
0.01 0.21 AP 20000 1e-8 1e-8 0.05 0.02 0.25 160000 100
0.01 0.21 AP 20000 1e-8 1e-8 0.02 0.05 0.25 160000 100
0.01 0.206185567010309 OD 2000 1e-8 1e-8 0.05 0.01 0 16000 97
0.01 0.1 SA 20000 1e-8 1e-8 0.02 0.01 0.25 160000 100
0.01 0.1 OD 20000 1e-7 1e-8 0.1 0.1 0 160000 100
0.01 0.1 OD 20000 1e-7 1e-8 0.05 0.05 0 160000 100
0.01 0.1 OD 20000 1e-7 1e-8 0.05 0.01 0 160000 100
0.01 0.1 OD 20000 1e-7 1e-8 0.01 0.1 0 160000 100
0.01 0.19 SA 20000 1e-8 1e-8 0.1 0.1 0.5 160000 100
0.01 0.19 AP 20000 1e-8 1e-8 0.5 0.5 0.25 160000 100
0.01 0.19 AP 20000 1e-8 1e-8 0.1 0.2 0.25 160000 100
0.01 0.19 AP 20000 1e-8 1e-8 0.02 0.01 0.25 160000 100
0.01 0.18 SA 20000 1e-8 1e-8 0.2 0.1 0.25 160000 100
0.01 0.18 SA 20000 1e-8 1e-8 0.1 0.1 0.25 160000 100
0.01 0.18 SA 20000 1e-8 1e-8 0.1 0.05 0.25 160000 100
0.01 0.18 SA 20000 1e-8 1e-8 0.02 0.02 0.25 160000 100
0.01 0.18 OD 2000 1e-8 1e-8 0.1 0.2 0 16000 100
0.01 0.18 OD 2000 1e-8 1e-8 0.1 0.02 0 16000 100
0.01 0.18 OD 20000 1e-8 1e-8 1 0.1 0 160000 100
0.01 0.18 OD 20000 1e-8 1e-8 0.05 0.1 0 160000 100
0.01 0.18 AP 20000 1e-8 1e-8 0.2 0.2 0.25 160000 100
0.01 0.1875 AP 20000 1e-8 1e-8 0.1 0.1 0.5 160000 64
0.01 0.183333333333333 AP 20000 1e-8 1e-8 0.1 0.1 0.25 160000 60
0.01 0.181818181818182 OD 2000 1e-8 1e-8 0.01 0.05 0 16000 99
0.01 0.17 SA 20000 1e-8 1e-8 0.5 0.5 0.25 160000 100
0.01 0.17 SA 20000 1e-8 1e-8 0.1 0.1 0.5 160000 100
0.01 0.17 OD 2000 1e-8 1e-8 0.05 0.02 0 16000 100
0.01 0.17 OD 20000 1e-8 1e-8 1 0.5 0 160000 100
0.01 0.17 OD 20000 1e-8 1e-8 0.5 1 0 160000 100
0.01 0.17 OD 20000 1e-8 1e-8 0.02 0.1 0 160000 100
0.01 0.17 AP 20000 1e-8 1e-8 0.1 0.1 0.5 160000 100
0.01 0.17 AP 20000 1e-8 1e-8 0.1 0.1 0.25 160000 100
0.01 0.178217821782178 OD 20000 1e-8 1e-8 0.5 0.5 0 160000 101
0.01 0.16 OD 20000 1e-8 1e-8 0.2 0.5 0 160000 100
0.01 0.16 OD 20000 1e-8 1e-8 0.02 0.05 0 160000 100
0.01 0.16 OD 20000 1e-8 1e-8 0.01 0.02 0 160000 100
0.01 0.15 SA 20000 1e-8 1e-8 0.01 0.02 0.25 160000 100
0.01 0.15 OD 2000 1e-8 1e-8 0.02 0.05 0 16000 100
0.01 0.15 OD 2000 1e-8 1e-8 0.02 0.02 0 16000 100
0.01 0.15 AP 20000 1e-8 1e-8 0.5 0.5 0.5 160000 100
0.01 0.14 SA 20000 1e-8 1e-8 0.1 0.2 0.25 160000 100
0.01 0.14 OD 2000 1e-8 1e-8 0.2 0.1 0 16000 100
0.01 0.14 OD 2000 1e-8 1e-8 0.01 0.01 0 16000 100
0.01 0.14 AP 20000 1e-8 1e-8 0.02 0.02 0.25 160000 100
0.01 0.13 SA 20000 1e-8 1e-8 0.05 0.1 0.25 160000 100
0.01 0.13 OD 2000 1e-8 1e-8 1 0.5 0 16000 100
0.01 0.13 OD 2000 1e-8 1e-8 0.1 0.05 0 16000 100
0.01 0.13 OD 20000 1e-8 1e-8 0.02 0.02 0 160000 100
0.01 0.13 OD 20000 1e-8 1e-7 0.2 0.5 0 160000 100
0.01 0.13 AP 20000 1e-8 1e-8 0.01 0.02 0.25 160000 100
0.01 0.12 SA 20000 1e-8 1e-8 0.01 0.01 0.25 160000 100
0.01 0.11 SA 20000 1e-8 1e-8 0.05 0.05 0.5 160000 100
0.01 0.11 OD 2000 1e-8 1e-8 0.05 0.1 0 16000 100
0.01 0.09 OD 20000 1e-7 1e-8 0.1 1 0 160000 100
0.01 0.09 OD 20000 1e-7 1e-8 0.02 0.1 0 160000 100
0.01 0.08 OD 20000 1e-7 1e-8 0.2 0.2 0 160000 100
0.01 0.08 OD 20000 1e-7 1e-8 0.1 0.02 0 160000 100
0.01 0.08 OD 20000 1e-7 1e-8 0.05 0.02 0 160000 100
0.01 0.07 OD 20000 1e-7 1e-8 1 1 0 160000 100
0.01 0.07 OD 20000 1e-7 1e-8 0.5 0.1 0 160000 100
0.01 0.07 OD 20000 1e-7 1e-8 0.02 0.02 0 160000 100
0.01 0.07 OD 20000 1e-7 1e-8 0.02 0.01 0 160000 100
0.01 0.06 OD 2000 1e-8 1e-8 0.01 0.02 0 16000 100
0.01 0.06 OD 20000 1e-7 1e-8 0.5 0.2 0 160000 100
0.01 0.06 OD 20000 1e-7 1e-8 0.2 1 0 160000 100
0.01 0.06 OD 20000 1e-7 1e-8 0.2 0.1 0 160000 100
0.01 0.06 OD 20000 1e-7 1e-8 0.01 0.02 0 160000 100
0.01 0.0693069306930693 OD 20000 1e-7 1e-8 0.1 0.1 0 160000 101
0.01 0.05 OD 20000 1e-7 1e-8 1 0.2 0 160000 100
0.01 0.05 OD 20000 1e-7 1e-8 0.1 0.5 0 160000 100
0.01 0.05 OD 20000 1e-7 1e-8 0.1 0.2 0 160000 100
0.01 0.05 OD 20000 1e-7 1e-8 0.05 0.1 0 160000 100
0.01 0.05 OD 20000 1e-7 1e-8 0.01 0.05 0 160000 100
0.01 0.04 SA 20000 1e-8 1e-8 0.2 0.5 0.25 160000 100
0.01 0.04 OD 20000 1e-7 1e-8 1 0.5 0 160000 100
0.01 0.04 OD 20000 1e-7 1e-8 1 0.1 0 160000 100
0.01 0.04 OD 20000 1e-7 1e-8 0.5 1 0 160000 100
0.01 0.04 OD 20000 1e-7 1e-8 0.2 0.5 0 160000 100
0.01 0.04 OD 20000 1e-7 1e-8 0.1 0.05 0 160000 100
0.01 0.04 OD 20000 1e-7 1e-8 0.02 0.05 0 160000 100
0.01 0.04 OD 20000 1e-7 1e-8 0.01 0.01 0 160000 100
0.01 0.04 AP 20000 1e-8 1e-8 0.05 0.05 0.5 160000 100
0.01 0.0495049504950495 OD 20000 1e-7 1e-8 0.5 0.5 0 160000 101
0.01 0.03 SA 20000 1e-8 1e-8 0.5 0.2 0.25 160000 100
0.01 0.03 OD 2000 1e-8 1e-8 0.02 0.01 0 16000 100
0.01 0.02 OD 20000 1e-7 1e-8 0.1 0.01 0 160000 100
