OD 20000 1e-8 1e-8 160000 0 0.01 0.01 0.01 100 0.5
OD 20000 1e-8 1e-8 160000 0 0.01 0.01 0.02 100 0.333333
OD 20000 1e-8 1e-8 160000 0 0.01 0.01 0.05 100 0.166667
OD 20000 1e-8 1e-8 160000 0 0.01 0.01 0.1 100 0.090909
OD 20000 1e-8 1e-8 160000 0 0.01 0.02 0.01 100 0.333333
OD 20000 1e-8 1e-8 160000 0 0.01 0.02 0.02 100 0.5
OD 20000 1e-8 1e-8 160000 0 0.01 0.02 0.05 100 0.285714
OD 20000 1e-8 1e-8 160000 0 0.01 0.02 0.1 100 0.166667
OD 20000 1e-8 1e-8 160000 0 0.01 0.05 0.01 100 0.166667
OD 20000 1e-8 1e-8 160000 0 0.01 0.05 0.02 100 0.285714
OD 20000 1e-8 1e-8 160000 0 0.01 0.05 0.05 100 0.5
OD 20000 1e-8 1e-8 160000 0 0.01 0.05 0.1 100 0.333333
OD 20000 1e-8 1e-8 160000 0 0.01 0.1 0.01 100 0.090909
OD 20000 1e-8 1e-8 160000 0 0.01 0.1 0.02 100 0.166667
OD 20000 1e-8 1e-8 160000 0 0.01 0.1 0.05 100 0.333333
OD 20000 1e-8 1e-8 160000 0 0.01 0.1 0.1 100 0.5
OD 20000 1e-8 1e-8 160000 0 0.1 0.1 0.1 100 0.5
OD 20000 1e-8 1e-8 160000 0 0.1 0.1 0.2 100 0.333333
OD 20000 1e-8 1e-8 160000 0 0.1 0.1 0.5 100 0.166667
OD 20000 1e-8 1e-8 160000 0 0.1 0.1 1 100 0.090909
OD 20000 1e-8 1e-8 160000 0 0.1 0.2 0.1 100 0.333333
OD 20000 1e-8 1e-8 160000 0 0.1 0.2 0.2 100 0.5
OD 20000 1e-8 1e-8 160000 0 0.1 0.2 0.5 100 0.285714
OD 20000 1e-8 1e-8 160000 0 0.1 0.2 1 100 0.166667
OD 20000 1e-8 1e-8 160000 0 0.1 0.5 0.1 100 0.166667
OD 20000 1e-8 1e-8 160000 0 0.1 0.5 0.2 100 0.285714
OD 20000 1e-8 1e-8 160000 0 0.1 0.5 0.5 100 0.5
OD 20000 1e-8 1e-8 160000 0 0.1 0.5 1 100 0.333333
OD 20000 1e-8 1e-8 160000 0 0.1 1 0.1 100 0.090909
OD 20000 1e-8 1e-8 160000 0 0.1 1 0.2 100 0.166667
OD 20000 1e-8 1e-8 160000 0 0.1 1 0.5 100 0.333333
OD 20000 1e-8 1e-8 160000 0 0.1 1 1 100 0.5
OD 20000 1e-7 1e-8 160000 0 0.01 0.01 0.01 100 0.5
OD 20000 1e-7 1e-8 160000 0 0.01 0.01 0.02 100 0.333333
OD 20000 1e-7 1e-8 160000 0 0.01 0.01 0.05 100 0.166667
OD 20000 1e-7 1e-8 160000 0 0.01 0.01 0.1 100 0.090909
OD 20000 1e-7 1e-8 160000 0 0.01 0.02 0.01 100 0.333333
OD 20000 1e-7 1e-8 160000 0 0.01 0.02 0.02 100 0.5
OD 20000 1e-7 1e-8 160000 0 0.01 0.02 0.05 100 0.285714
OD 20000 1e-7 1e-8 160000 0 0.01 0.02 0.1 100 0.166667
OD 20000 1e-7 1e-8 160000 0 0.01 0.05 0.01 100 0.166667
OD 20000 1e-7 1e-8 160000 0 0.01 0.05 0.02 100 0.285714
OD 20000 1e-7 1e-8 160000 0 0.01 0.05 0.05 100 0.5
OD 20000 1e-7 1e-8 160000 0 0.01 0.05 0.1 100 0.333333
OD 20000 1e-7 1e-8 160000 0 0.01 0.1 0.01 100 0.090909
OD 20000 1e-7 1e-8 160000 0 0.01 0.1 0.02 100 0.166667
OD 20000 1e-7 1e-8 160000 0 0.01 0.1 0.05 100 0.333333
OD 20000 1e-7 1e-8 160000 0 0.01 0.1 0.1 100 0.5
OD 20000 1e-7 1e-8 160000 0 0.1 0.1 0.1 100 0.5
OD 20000 1e-7 1e-8 160000 0 0.1 0.1 0.2 100 0.333333
OD 20000 1e-7 1e-8 160000 0 0.1 0.1 0.5 100 0.166667
OD 20000 1e-7 1e-8 160000 0 0.1 0.1 1 100 0.090909
OD 20000 1e-7 1e-8 160000 0 0.1 0.2 0.1 100 0.333333
OD 20000 1e-7 1e-8 160000 0 0.1 0.2 0.2 100 0.5
OD 20000 1e-7 1e-8 160000 0 0.1 0.2 0.5 100 0.285714
OD 20000 1e-7 1e-8 160000 0 0.1 0.2 1 100 0.166667
OD 20000 1e-7 1e-8 160000 0 0.1 0.5 0.1 100 0.166667
OD 20000 1e-7 1e-8 160000 0 0.1 0.5 0.2 100 0.285714
OD 20000 1e-7 1e-8 160000 0 0.1 0.5 0.5 100 0.5
OD 20000 1e-7 1e-8 160000 0 0.1 0.5 1 100 0.333333
OD 20000 1e-7 1e-8 160000 0 0.1 1 0.1 100 0.090909
OD 20000 1e-7 1e-8 160000 0 0.1 1 0.2 100 0.166667
OD 20000 1e-7 1e-8 160000 0 0.1 1 0.5 100 0.333333
OD 20000 1e-7 1e-8 160000 0 0.1 1 1 100 0.5
OD 20000 1e-8 1e-7 160000 0 0.01 0.01 0.01 100 0.5
OD 20000 1e-8 1e-7 160000 0 0.01 0.01 0.02 100 0.333333
OD 20000 1e-8 1e-7 160000 0 0.01 0.01 0.05 100 0.166667
OD 20000 1e-8 1e-7 160000 0 0.01 0.01 0.1 100 0.090909
OD 20000 1e-8 1e-7 160000 0 0.01 0.02 0.01 100 0.333333
OD 20000 1e-8 1e-7 160000 0 0.01 0.02 0.02 100 0.5
OD 20000 1e-8 1e-7 160000 0 0.01 0.02 0.05 100 0.285714
OD 20000 1e-8 1e-7 160000 0 0.01 0.02 0.1 100 0.166667
OD 20000 1e-8 1e-7 160000 0 0.01 0.05 0.01 100 0.166667
OD 20000 1e-8 1e-7 160000 0 0.01 0.05 0.02 100 0.285714
OD 20000 1e-8 1e-7 160000 0 0.01 0.05 0.05 100 0.5
OD 20000 1e-8 1e-7 160000 0 0.01 0.05 0.1 100 0.333333
OD 20000 1e-8 1e-7 160000 0 0.01 0.1 0.01 100 0.090909
OD 20000 1e-8 1e-7 160000 0 0.01 0.1 0.02 100 0.166667
OD 20000 1e-8 1e-7 160000 0 0.01 0.1 0.05 100 0.333333
OD 20000 1e-8 1e-7 160000 0 0.01 0.1 0.1 100 0.5
OD 20000 1e-8 1e-7 160000 0 0.1 0.1 0.1 100 0.5
OD 20000 1e-8 1e-7 160000 0 0.1 0.1 0.2 100 0.333333
OD 20000 1e-8 1e-7 160000 0 0.1 0.1 0.5 100 0.166667
OD 20000 1e-8 1e-7 160000 0 0.1 0.1 1 100 0.090909
OD 20000 1e-8 1e-7 160000 0 0.1 0.2 0.1 100 0.333333
OD 20000 1e-8 1e-7 160000 0 0.1 0.2 0.2 100 0.5
OD 20000 1e-8 1e-7 160000 0 0.1 0.2 0.5 100 0.285714
OD 20000 1e-8 1e-7 160000 0 0.1 0.2 1 100 0.166667
OD 20000 1e-8 1e-7 160000 0 0.1 0.5 0.1 100 0.166667
OD 20000 1e-8 1e-7 160000 0 0.1 0.5 0.2 100 0.285714
OD 20000 1e-8 1e-7 160000 0 0.1 0.5 0.5 100 0.5
OD 20000 1e-8 1e-7 160000 0 0.1 0.5 1 100 0.333333
OD 20000 1e-8 1e-7 160000 0 0.1 1 0.1 100 0.090909
OD 20000 1e-8 1e-7 160000 0 0.1 1 0.2 100 0.166667
OD 20000 1e-8 1e-7 160000 0 0.1 1 0.5 100 0.333333
OD 20000 1e-8 1e-7 160000 0 0.1 1 1 100 0.5
OD 20000 1e-8 1e-8 320000 0 0.01 0.01 0.01 100 0.5
OD 20000 1e-8 1e-8 320000 0 0.01 0.01 0.02 100 0.333333
OD 20000 1e-8 1e-8 320000 0 0.01 0.01 0.05 100 0.166667
OD 20000 1e-8 1e-8 320000 0 0.01 0.01 0.1 100 0.090909
OD 20000 1e-8 1e-8 320000 0 0.01 0.02 0.01 100 0.333333
OD 20000 1e-8 1e-8 320000 0 0.01 0.02 0.02 100 0.5
OD 20000 1e-8 1e-8 320000 0 0.01 0.02 0.05 100 0.285714
OD 20000 1e-8 1e-8 320000 0 0.01 0.02 0.1 100 0.166667
OD 20000 1e-8 1e-8 320000 0 0.01 0.05 0.01 100 0.166667
OD 20000 1e-8 1e-8 320000 0 0.01 0.05 0.02 100 0.285714
OD 20000 1e-8 1e-8 320000 0 0.01 0.05 0.05 100 0.5
OD 20000 1e-8 1e-8 320000 0 0.01 0.05 0.1 100 0.333333
OD 20000 1e-8 1e-8 320000 0 0.01 0.1 0.01 100 0.090909
OD 20000 1e-8 1e-8 320000 0 0.01 0.1 0.02 100 0.166667
OD 20000 1e-8 1e-8 320000 0 0.01 0.1 0.05 100 0.333333
OD 20000 1e-8 1e-8 320000 0 0.01 0.1 0.1 100 0.5
OD 20000 1e-8 1e-8 320000 0 0.1 0.1 0.1 100 0.5
OD 20000 1e-8 1e-8 320000 0 0.1 0.1 0.2 100 0.333333
OD 20000 1e-8 1e-8 320000 0 0.1 0.1 0.5 100 0.166667
OD 20000 1e-8 1e-8 320000 0 0.1 0.1 1 100 0.090909
OD 20000 1e-8 1e-8 320000 0 0.1 0.2 0.1 100 0.333333
OD 20000 1e-8 1e-8 320000 0 0.1 0.2 0.2 100 0.5
OD 20000 1e-8 1e-8 320000 0 0.1 0.2 0.5 100 0.285714
OD 20000 1e-8 1e-8 320000 0 0.1 0.2 1 100 0.166667
OD 20000 1e-8 1e-8 320000 0 0.1 0.5 0.1 100 0.166667
OD 20000 1e-8 1e-8 320000 0 0.1 0.5 0.2 100 0.285714
OD 20000 1e-8 1e-8 320000 0 0.1 0.5 0.5 100 0.5
OD 20000 1e-8 1e-8 320000 0 0.1 0.5 1 100 0.333333
OD 20000 1e-8 1e-8 320000 0 0.1 1 0.1 100 0.090909
OD 20000 1e-8 1e-8 320000 0 0.1 1 0.2 100 0.166667
OD 20000 1e-8 1e-8 320000 0 0.1 1 0.5 100 0.333333
OD 20000 1e-8 1e-8 320000 0 0.1 1 1 100 0.5
OD 2000 1e-8 1e-8 16000 0 0.01 0.01 0.01 100 0.5
OD 2000 1e-8 1e-8 16000 0 0.01 0.01 0.02 100 0.333333
OD 2000 1e-8 1e-8 16000 0 0.01 0.01 0.05 100 0.166667
OD 2000 1e-8 1e-8 16000 0 0.01 0.01 0.1 100 0.090909
OD 2000 1e-8 1e-8 16000 0 0.01 0.02 0.01 100 0.333333
OD 2000 1e-8 1e-8 16000 0 0.01 0.02 0.02 100 0.5
OD 2000 1e-8 1e-8 16000 0 0.01 0.02 0.05 100 0.285714
OD 2000 1e-8 1e-8 16000 0 0.01 0.02 0.1 100 0.166667
OD 2000 1e-8 1e-8 16000 0 0.01 0.05 0.01 100 0.166667
OD 2000 1e-8 1e-8 16000 0 0.01 0.05 0.02 100 0.285714
OD 2000 1e-8 1e-8 16000 0 0.01 0.05 0.05 100 0.5
OD 2000 1e-8 1e-8 16000 0 0.01 0.05 0.1 100 0.333333
OD 2000 1e-8 1e-8 16000 0 0.01 0.1 0.01 100 0.090909
OD 2000 1e-8 1e-8 16000 0 0.01 0.1 0.02 100 0.166667
OD 2000 1e-8 1e-8 16000 0 0.01 0.1 0.05 100 0.333333
OD 2000 1e-8 1e-8 16000 0 0.01 0.1 0.1 100 0.5
OD 2000 1e-8 1e-8 16000 0 0.1 0.1 0.1 100 0.5
OD 2000 1e-8 1e-8 16000 0 0.1 0.1 0.2 100 0.333333
OD 2000 1e-8 1e-8 16000 0 0.1 0.1 0.5 100 0.166667
OD 2000 1e-8 1e-8 16000 0 0.1 0.1 1 100 0.090909
OD 2000 1e-8 1e-8 16000 0 0.1 0.2 0.1 100 0.333333
OD 2000 1e-8 1e-8 16000 0 0.1 0.2 0.2 100 0.5
OD 2000 1e-8 1e-8 16000 0 0.1 0.2 0.5 100 0.285714
OD 2000 1e-8 1e-8 16000 0 0.1 0.2 1 100 0.166667
OD 2000 1e-8 1e-8 16000 0 0.1 0.5 0.1 100 0.166667
OD 2000 1e-8 1e-8 16000 0 0.1 0.5 0.2 100 0.285714
OD 2000 1e-8 1e-8 16000 0 0.1 0.5 0.5 100 0.5
OD 2000 1e-8 1e-8 16000 0 0.1 0.5 1 100 0.333333
OD 2000 1e-8 1e-8 16000 0 0.1 1 0.1 100 0.090909
OD 2000 1e-8 1e-8 16000 0 0.1 1 0.2 100 0.166667
OD 2000 1e-8 1e-8 16000 0 0.1 1 0.5 100 0.333333
OD 2000 1e-8 1e-8 16000 0 0.1 1 1 100 0.5
AP 20000 1e-8 1e-8 160000 0.5 0.01 0.01 0.01 100 0.5
AP 20000 1e-8 1e-8 160000 0.5 0.01 0.02 0.02 100 0.5
AP 20000 1e-8 1e-8 160000 0.5 0.01 0.05 0.05 100 0.5
AP 20000 1e-8 1e-8 160000 0.5 0.01 0.1 0.1 100 0.5
AP 20000 1e-8 1e-8 160000 0.5 0.1 0.1 0.1 100 0.5
AP 20000 1e-8 1e-8 160000 0.5 0.1 0.2 0.2 100 0.5
AP 20000 1e-8 1e-8 160000 0.5 0.1 0.5 0.5 100 0.5
AP 20000 1e-8 1e-8 160000 0.5 0.1 1 1 100 0.5
AP 20000 1e-8 1e-8 160000 0.25 0.01 0.01 0.01 100 0.5
AP 20000 1e-8 1e-8 160000 0.25 0.01 0.01 0.02 100 0.167221
AP 20000 1e-8 1e-8 160000 0.25 0.01 0.02 0.01 100 0.167221
AP 20000 1e-8 1e-8 160000 0.25 0.01 0.02 0.02 100 0.5
AP 20000 1e-8 1e-8 160000 0.25 0.01 0.02 0.05 100 0.072954
AP 20000 1e-8 1e-8 160000 0.25 0.01 0.05 0.02 100 0.072954
AP 20000 1e-8 1e-8 160000 0.25 0.01 0.05 0.05 100 0.5
AP 20000 1e-8 1e-8 160000 0.25 0.01 0.05 0.1 100 0.169421
AP 20000 1e-8 1e-8 160000 0.25 0.01 0.1 0.05 100 0.169421
AP 20000 1e-8 1e-8 160000 0.25 0.01 0.1 0.1 100 0.5
AP 20000 1e-8 1e-8 160000 0.25 0.1 0.1 0.1 100 0.5
AP 20000 1e-8 1e-8 160000 0.25 0.1 0.1 0.2 100 0.172131
AP 20000 1e-8 1e-8 160000 0.25 0.1 0.2 0.1 100 0.172131
AP 20000 1e-8 1e-8 160000 0.25 0.1 0.2 0.2 100 0.5
AP 20000 1e-8 1e-8 160000 0.25 0.1 0.2 0.5 100 0.086207
AP 20000 1e-8 1e-8 160000 0.25 0.1 0.5 0.2 100 0.086207
AP 20000 1e-8 1e-8 160000 0.25 0.1 0.5 0.5 100 0.5
AP 20000 1e-8 1e-8 160000 0.25 0.1 0.5 1 100 0.192308
AP 20000 1e-8 1e-8 160000 0.25 0.1 1 0.5 100 0.192308
AP 20000 1e-8 1e-8 160000 0.25 0.1 1 1 100 0.5
SA 20000 1e-8 1e-8 160000 0.5 0.01 0.01 0.01 100 0.5
SA 20000 1e-8 1e-8 160000 0.5 0.01 0.02 0.02 100 0.5
SA 20000 1e-8 1e-8 160000 0.5 0.01 0.05 0.05 100 0.5
SA 20000 1e-8 1e-8 160000 0.5 0.01 0.1 0.1 100 0.5
SA 20000 1e-8 1e-8 160000 0.5 0.1 0.1 0.1 100 0.5
SA 20000 1e-8 1e-8 160000 0.5 0.1 0.2 0.2 100 0.5
SA 20000 1e-8 1e-8 160000 0.5 0.1 0.5 0.5 100 0.5
SA 20000 1e-8 1e-8 160000 0.5 0.1 1 1 100 0.5
SA 20000 1e-8 1e-8 160000 0.25 0.01 0.01 0.01 100 0.5
SA 20000 1e-8 1e-8 160000 0.25 0.01 0.01 0.02 100 0.166667
SA 20000 1e-8 1e-8 160000 0.25 0.01 0.02 0.01 100 0.166667
SA 20000 1e-8 1e-8 160000 0.25 0.01 0.02 0.02 100 0.5
SA 20000 1e-8 1e-8 160000 0.25 0.01 0.02 0.05 100 0.071429
SA 20000 1e-8 1e-8 160000 0.25 0.01 0.05 0.02 100 0.071429
SA 20000 1e-8 1e-8 160000 0.25 0.01 0.05 0.05 100 0.5
SA 20000 1e-8 1e-8 160000 0.25 0.01 0.05 0.1 100 0.166667
SA 20000 1e-8 1e-8 160000 0.25 0.01 0.1 0.05 100 0.166667
SA 20000 1e-8 1e-8 160000 0.25 0.01 0.1 0.1 100 0.5
SA 20000 1e-8 1e-8 160000 0.25 0.1 0.1 0.1 100 0.5
SA 20000 1e-8 1e-8 160000 0.25 0.1 0.1 0.2 100 0.166667
SA 20000 1e-8 1e-8 160000 0.25 0.1 0.2 0.1 100 0.166667
SA 20000 1e-8 1e-8 160000 0.25 0.1 0.2 0.2 100 0.5
SA 20000 1e-8 1e-8 160000 0.25 0.1 0.2 0.5 100 0.071429
SA 20000 1e-8 1e-8 160000 0.25 0.1 0.5 0.2 100 0.071429
SA 20000 1e-8 1e-8 160000 0.25 0.1 0.5 0.5 100 0.5
SA 20000 1e-8 1e-8 160000 0.25 0.1 0.5 1 100 0.166667
SA 20000 1e-8 1e-8 160000 0.25 0.1 1 0.5 100 0.166667
SA 20000 1e-8 1e-8 160000 0.25 0.1 1 1 100 0.5
